2	0	0.000149
3	0	0.000070
3	3	0.000000
3	4	0.000000
3	5	0.000000
4	0	0.000030
4	5	0.000000
4	5	0.000000
4	6	0.000000
4	8	0.000000
4	10	0.000000
5	0	0.000379
5	6	0.000000
5	7	0.000000
5	8	0.000000
5	10	0.000000
5	12	0.000000
5	16	0.000000
6	0	0.000028
6	7	0.000001
6	8	0.000000
6	10	0.000000
6	12	0.000000
6	15	0.000000
6	20	0.000000
7	0	0.000029
7	8	0.000001
7	10	0.000000
7	11	0.000000
7	14	0.000000
7	17	0.000000
7	23	0.000000
7	35	0.000000
8	0	0.000038
8	10	0.000000
8	11	0.000000
8	13	0.000000
8	16	0.000000
8	20	0.000000
8	26	0.000001
8	40	0.000000
9	0	0.000019
9	11	0.000000
9	12	0.000000
9	15	0.000000
9	18	0.000001
9	22	0.000000
9	30	0.000000
9	45	0.000000
10	0	0.000020
10	12	0.000001
10	14	0.000000
10	16	0.000000
10	20	0.000000
10	25	0.000000
10	33	0.000000
10	50	0.000000
11	0	0.000028
11	13	0.000000
11	15	0.000000
11	18	0.000000
11	22	0.000000
11	27	0.000000
11	36	0.000000
11	55	0.000000
12	0	0.000051
12	15	0.000001
12	17	0.000000
12	20	0.000001
12	24	0.000000
12	30	0.000000
12	40	0.000000
12	60	0.000000
12	120	0.000000
13	0	0.000030
13	16	0.000000
13	18	0.000000
13	21	0.000000
13	26	0.000001
13	32	0.000000
13	43	0.000000
13	65	0.000000
13	130	0.000000
14	0	0.000032
14	17	0.000000
14	20	0.000000
14	23	0.000000
14	28	0.000000
14	35	0.000000
14	46	0.000000
14	70	0.000000
14	140	0.000000
15	0	0.000032
15	18	0.000000
15	21	0.000000
15	25	0.000000
15	30	0.000000
15	37	0.000000
15	50	0.000000
15	75	0.000000
15	150	0.000000
16	0	0.000018
16	20	0.000001
16	22	0.000000
16	26	0.000000
16	32	0.000000
16	40	0.000000
16	53	0.000001
16	80	0.000000
16	160	0.000000
17	0	0.000032
17	21	0.000000
17	24	0.000000
17	28	0.000000
17	34	0.000001
17	42	0.000000
17	56	0.000000
17	85	0.000000
17	170	0.000000
18	0	0.000033
18	22	0.000000
18	25	0.000000
18	30	0.000000
18	36	0.000000
18	45	0.000000
18	60	0.000000
18	90	0.000000
18	180	0.000001
19	0	0.000035
19	23	0.000000
19	27	0.000000
19	31	0.000000
19	38	0.000001
19	47	0.000000
19	63	0.000000
19	95	0.000000
19	190	0.000000
20	0	0.000035
20	25	0.000000
20	28	0.000001
20	33	0.000000
20	40	0.000001
20	50	0.000000
20	66	0.000000
20	100	0.000000
20	200	0.000000
21	0	0.000034
21	26	0.000000
21	30	0.000000
21	35	0.000000
21	42	0.000000
21	52	0.000001
21	70	0.000000
21	105	0.000000
21	210	0.000000
22	0	0.000035
22	27	0.000000
22	31	0.000000
22	36	0.000000
22	44	0.000000
22	55	0.000000
22	73	0.000000
22	110	0.000001
22	220	0.000001
23	0	0.000036
23	28	0.000000
23	32	0.000000
23	38	0.000000
23	46	0.000000
23	57	0.000000
23	76	0.000000
23	115	0.000000
23	230	0.000000
24	0	0.000036
24	30	0.000000
24	34	0.000000
24	40	0.000000
24	48	0.000000
24	60	0.000000
24	80	0.000000
24	120	0.000000
24	240	0.000000
25	0	0.000038
25	31	0.000000
25	35	0.000000
25	41	0.000000
25	50	0.000001
25	62	0.000000
25	83	0.000000
25	125	0.000000
25	250	0.000000
26	0	0.000046
26	32	0.000000
26	37	0.000000
26	43	0.000000
26	52	0.000000
26	65	0.000000
26	86	0.000000
26	130	0.000000
26	260	0.000001
27	0	0.000048
27	33	0.000001
27	38	0.000000
27	45	0.000000
27	54	0.000000
27	67	0.000000
27	90	0.000000
27	135	0.000000
27	270	0.000000
28	0	0.000046
28	35	0.000000
28	40	0.000000
28	46	0.000001
28	56	0.000000
28	70	0.000001
28	93	0.000000
28	140	0.000000
28	280	0.000000
29	0	0.000041
29	36	0.000000
29	41	0.000000
29	48	0.000000
29	58	0.000000
29	72	0.000000
29	96	0.000001
29	145	0.000001
29	290	0.000000
30	0	0.000052
30	37	0.000000
30	42	0.000000
30	50	0.000000
30	60	0.000000
30	75	0.000000
30	100	0.000000
30	150	0.000000
30	300	0.000000
31	0	0.000067
31	38	0.000000
31	44	0.000000
31	51	0.000000
31	62	0.000000
31	77	0.000000
31	103	0.000000
31	155	0.000000
31	310	0.000000
32	0	0.000042
32	40	0.000001
32	45	0.000000
32	53	0.000001
32	64	0.000001
32	80	0.000000
32	106	0.000000
32	160	0.000000
32	320	0.000000
33	0	0.000058
33	41	0.000001
33	47	0.000000
33	55	0.000000
33	66	0.000001
33	82	0.000000
33	110	0.000000
33	165	0.000000
33	330	0.000000
34	0	0.000059
34	42	0.000000
34	48	0.000000
34	56	0.000001
34	68	0.000000
34	85	0.000000
34	113	0.000000
34	170	0.000001
34	340	0.000000
35	0	0.000071
35	43	0.000000
35	50	0.000000
35	58	0.000000
35	70	0.000001
35	87	0.000001
35	116	0.000001
35	175	0.000001
35	350	0.000001
36	0	0.000074
36	45	0.000000
36	51	0.000000
36	60	0.000001
36	72	0.000001
36	90	0.000001
36	120	0.000000
36	180	0.000000
36	360	0.000000
37	0	0.000062
37	46	0.000000
37	52	0.000000
37	61	0.000000
37	74	0.000000
37	92	0.000000
37	123	0.000000
37	185	0.000001
37	370	0.000001
38	0	0.000069
38	47	0.000000
38	54	0.000000
38	63	0.000000
38	76	0.000000
38	95	0.000000
38	126	0.000000
38	190	0.000000
38	380	0.000000
39	0	0.000069
39	48	0.000000
39	55	0.000000
39	65	0.000000
39	78	0.000000
39	97	0.000001
39	130	0.000000
39	195	0.000001
39	390	0.000001
40	0	0.000085
40	50	0.000000
40	57	0.000000
40	66	0.000000
40	80	0.000000
40	100	0.000000
40	133	0.000000
40	200	0.000000
40	400	0.000001
41	0	0.000080
41	51	0.000001
41	58	0.000000
41	68	0.000000
41	82	0.000001
41	102	0.000000
41	136	0.000000
41	205	0.000000
41	410	0.000000
42	0	0.000071
42	52	0.000001
42	60	0.000001
42	70	0.000000
42	84	0.000000
42	105	0.000000
42	140	0.000000
42	210	0.000000
42	420	0.000000
43	0	0.000100
43	53	0.000000
43	61	0.000000
43	71	0.000001
43	86	0.000000
43	107	0.000000
43	143	0.000000
43	215	0.000000
43	430	0.000000
44	0	0.000080
44	55	0.000001
44	62	0.000001
44	73	0.000001
44	88	0.000001
44	110	0.000001
44	146	0.000000
44	220	0.000000
44	440	0.000001
45	0	0.000077
45	56	0.000000
45	64	0.000000
45	75	0.000000
45	90	0.000001
45	112	0.000001
45	150	0.000000
45	225	0.000000
45	450	0.000000
46	0	0.000096
46	57	0.000000
46	65	0.000000
46	76	0.000001
46	92	0.000000
46	115	0.000001
46	153	0.000000
46	230	0.000000
46	460	0.000000
47	0	0.000060
47	58	0.000000
47	67	0.000000
47	78	0.000001
47	94	0.000001
47	117	0.000000
47	156	0.000000
47	235	0.000000
47	470	0.000000
48	0	0.000069
48	60	0.000001
48	68	0.000000
48	80	0.000000
48	96	0.000000
48	120	0.000000
48	160	0.000000
48	240	0.000000
48	480	0.000000
49	0	0.000079
49	61	0.000000
49	70	0.000001
49	81	0.000000
49	98	0.000000
49	122	0.000000
49	163	0.000000
49	245	0.000000
49	490	0.000001
50	0	0.000067
50	62	0.000001
50	71	0.000001
50	83	0.000001
50	100	0.000001
50	125	0.000000
50	166	0.000000
50	250	0.000000
50	500	0.000000
51	0	0.000074
51	63	0.000000
51	72	0.000001
51	85	0.000001
51	102	0.000001
51	127	0.000000
51	170	0.000000
51	255	0.000001
51	510	0.000000
52	0	0.000066
52	65	0.000001
52	74	0.000000
52	86	0.000000
52	104	0.000001
52	130	0.000000
52	173	0.000000
52	260	0.000000
52	520	0.000000
53	0	0.000066
53	66	0.000000
53	75	0.000000
53	88	0.000000
53	106	0.000000
53	132	0.000001
53	176	0.000000
53	265	0.000001
53	530	0.000001
54	0	0.000118
54	67	0.000001
54	77	0.000000
54	90	0.000000
54	108	0.000001
54	135	0.000001
54	180	0.000001
54	270	0.000000
54	540	0.000001
55	0	0.000101
55	68	0.000001
55	78	0.000000
55	91	0.000000
55	110	0.000000
55	137	0.000001
55	183	0.000000
55	275	0.000000
55	550	0.000000
56	0	0.000014
56	70	0.000001
56	80	0.000000
56	93	0.000000
56	112	0.000001
56	140	0.000000
56	186	0.000000
56	280	0.000000
56	560	0.000000
57	0	0.000014
57	71	0.000001
57	81	0.000000
57	95	0.000000
57	114	0.000000
57	142	0.000000
57	190	0.000000
57	285	0.000000
57	570	0.000001
58	0	0.000160
58	72	0.000001
58	82	0.000000
58	96	0.000000
58	116	0.000000
58	145	0.000000
58	193	0.000000
58	290	0.000000
58	580	0.000000
59	0	0.000159
59	73	0.000000
59	84	0.000000
59	98	0.000000
59	118	0.000000
59	147	0.000000
59	196	0.000000
59	295	0.000000
59	590	0.000000
60	0	0.000089
60	75	0.000001
60	85	0.000000
60	100	0.000001
60	120	0.000000
60	150	0.000001
60	200	0.000000
60	300	0.000001
60	600	0.000000
61	0	0.000080
61	76	0.000000
61	87	0.000000
61	101	0.000000
61	122	0.000000
61	152	0.000000
61	203	0.000000
61	305	0.000001
61	610	0.000000
62	0	0.000172
62	77	0.000000
62	88	0.000001
62	103	0.000000
62	124	0.000000
62	155	0.000001
62	206	0.000000
62	310	0.000001
62	620	0.000001
63	0	0.000170
63	78	0.000000
63	90	0.000000
63	105	0.000000
63	126	0.000000
63	157	0.000000
63	210	0.000000
63	315	0.000001
63	630	0.000000
64	0	0.000226
64	80	0.000001
64	91	0.000000
64	106	0.000000
64	128	0.000001
64	160	0.000001
64	213	0.000001
64	320	0.000000
64	640	0.000000
65	0	0.000169
65	81	0.000000
65	92	0.000000
65	108	0.000000
65	130	0.000000
65	162	0.000000
65	216	0.000000
65	325	0.000000
65	650	0.000000
66	0	0.000100
66	82	0.000000
66	94	0.000000
66	110	0.000000
66	132	0.000000
66	165	0.000000
66	220	0.000000
66	330	0.000000
66	660	0.000000
67	0	0.000163
67	83	0.000000
67	95	0.000000
67	111	0.000001
67	134	0.000000
67	167	0.000000
67	223	0.000000
67	335	0.000000
67	670	0.000000
68	0	0.000117
68	85	0.000000
68	97	0.000001
68	113	0.000001
68	136	0.000001
68	170	0.000000
68	226	0.000001
68	340	0.000001
68	680	0.000000
69	0	0.000178
69	86	0.000000
69	98	0.000001
69	115	0.000000
69	138	0.000000
69	172	0.000001
69	230	0.000000
69	345	0.000000
69	690	0.000000
70	0	0.000022
70	87	0.000000
70	100	0.000000
70	116	0.000000
70	140	0.000000
70	175	0.000001
70	233	0.000001
70	350	0.000001
70	700	0.000001
71	0	0.000113
71	88	0.000000
71	101	0.000000
71	118	0.000001
71	142	0.000001
71	177	0.000000
71	236	0.000001
71	355	0.000001
71	710	0.000000
72	0	0.000107
72	90	0.000000
72	102	0.000000
72	120	0.000000
72	144	0.000000
72	180	0.000001
72	240	0.000001
72	360	0.000001
72	720	0.000000
73	0	0.000206
73	91	0.000000
73	104	0.000000
73	121	0.000001
73	146	0.000001
73	182	0.000000
73	243	0.000000
73	365	0.000000
73	730	0.000000
74	0	0.000018
74	92	0.000000
74	105	0.000000
74	123	0.000000
74	148	0.000000
74	185	0.000000
74	246	0.000001
74	370	0.000001
74	740	0.000000
75	0	0.000121
75	93	0.000000
75	107	0.000001
75	125	0.000000
75	150	0.000001
75	187	0.000001
75	250	0.000001
75	375	0.000001
75	750	0.000001
76	0	0.000172
76	95	0.000000
76	108	0.000001
76	126	0.000000
76	152	0.000000
76	190	0.000000
76	253	0.000001
76	380	0.000000
76	760	0.000001
77	0	0.000112
77	96	0.000000
77	110	0.000000
77	128	0.000000
77	154	0.000000
77	192	0.000001
77	256	0.000000
77	385	0.000000
77	770	0.000001
78	0	0.000106
78	97	0.000000
78	111	0.000000
78	130	0.000000
78	156	0.000001
78	195	0.000000
78	260	0.000001
78	390	0.000001
78	780	0.000001
79	0	0.000129
79	98	0.000000
79	112	0.000000
79	131	0.000001
79	158	0.000001
79	197	0.000001
79	263	0.000001
79	395	0.000000
79	790	0.000001
80	0	0.000121
80	100	0.000001
80	114	0.000000
80	133	0.000001
80	160	0.000001
80	200	0.000000
80	266	0.000000
80	400	0.000000
80	800	0.000000
81	0	0.000120
81	101	0.000000
81	115	0.000001
81	135	0.000000
81	162	0.000000
81	202	0.000001
81	270	0.000000
81	405	0.000001
81	810	0.000001
82	0	0.000165
82	102	0.000000
82	117	0.000000
82	136	0.000000
82	164	0.000001
82	205	0.000000
82	273	0.000001
82	410	0.000000
82	820	0.000001
83	0	0.000125
83	103	0.000001
83	118	0.000001
83	138	0.000001
83	166	0.000002
83	207	0.000001
83	276	0.000000
83	415	0.000001
83	830	0.000000
84	0	0.000134
84	105	0.000000
84	120	0.000001
84	140	0.000000
84	168	0.000001
84	210	0.000000
84	280	0.000000
84	420	0.000000
84	840	0.000000
85	0	0.003767
85	106	0.000001
85	121	0.000001
85	141	0.000000
85	170	0.000001
85	212	0.000001
85	283	0.000001
85	425	0.000000
85	850	0.000000
86	0	0.000130
86	107	0.000001
86	122	0.000001
86	143	0.000000
86	172	0.000001
86	215	0.000001
86	286	0.000000
86	430	0.000001
86	860	0.000001
87	0	0.000134
87	108	0.000001
87	124	0.000001
87	145	0.000001
87	174	0.000000
87	217	0.000001
87	290	0.000001
87	435	0.000001
87	870	0.000001
88	0	0.000147
88	110	0.000000
88	125	0.000001
88	146	0.000001
88	176	0.000001
88	220	0.000000
88	293	0.000000
88	440	0.000000
88	880	0.000000
89	0	0.000127
89	111	0.000001
89	127	0.000001
89	148	0.000000
89	178	0.000000
89	222	0.000001
89	296	0.000001
89	445	0.000001
89	890	0.000000
90	0	0.000144
90	112	0.000001
90	128	0.000001
90	150	0.000001
90	180	0.000001
90	225	0.000001
90	300	0.000001
90	450	0.000001
90	900	0.000001
91	0	0.000230
91	113	0.000001
91	130	0.000001
91	151	0.000001
91	182	0.000001
91	227	0.000001
91	303	0.000000
91	455	0.000001
91	910	0.000001
92	0	0.000240
92	115	0.000001
92	131	0.000000
92	153	0.000001
92	184	0.000000
92	230	0.000001
92	306	0.000001
92	460	0.000001
92	920	0.000001
93	0	0.000241
93	116	0.000001
93	132	0.000001
93	155	0.000001
93	186	0.000001
93	232	0.000001
93	310	0.000001
93	465	0.000001
93	930	0.000001
94	0	0.000246
94	117	0.000001
94	134	0.000001
94	156	0.000001
94	188	0.000001
94	235	0.000001
94	313	0.000001
94	470	0.000001
94	940	0.000001
95	0	0.000234
95	118	0.000001
95	135	0.000001
95	158	0.000001
95	190	0.000001
95	237	0.000001
95	316	0.000001
95	475	0.000001
95	950	0.000001
96	0	0.000255
96	120	0.000001
96	137	0.000001
96	160	0.000000
96	192	0.000001
96	240	0.000001
96	320	0.000001
96	480	0.000001
96	960	0.000000
97	0	0.000248
97	121	0.000001
97	138	0.000001
97	161	0.000000
97	194	0.000001
97	242	0.000001
97	323	0.000001
97	485	0.000001
97	970	0.000001
98	0	0.000261
98	122	0.000000
98	140	0.000001
98	163	0.000001
98	196	0.000001
98	245	0.000001
98	326	0.000001
98	490	0.000001
98	980	0.000001
99	0	0.000273
99	123	0.000001
99	141	0.000001
99	165	0.000001
99	198	0.000001
99	247	0.000000
99	330	0.000001
99	495	0.000001
99	990	0.000000
100	0	0.000268
100	125	0.000001
100	142	0.000001
100	166	0.000001
100	200	0.000001
100	250	0.000001
100	333	0.000001
100	500	0.000001
100	1000	0.000001
101	0	0.005000
101	126	0.000001
101	144	0.000001
101	168	0.000000
101	202	0.000001
101	252	0.000001
101	336	0.000001
101	505	0.000001
101	1010	0.000001
102	0	0.000274
102	127	0.000001
102	145	0.000001
102	170	0.000001
102	204	0.000001
102	255	0.000001
102	340	0.000001
102	510	0.000001
102	1020	0.000001
103	0	0.000291
103	128	0.000001
103	147	0.000001
103	171	0.000001
103	206	0.000001
103	257	0.000001
103	343	0.000001
103	515	0.000001
103	1030	0.000001
104	0	0.000324
104	130	0.000001
104	148	0.000000
104	173	0.000001
104	208	0.000001
104	260	0.000001
104	346	0.000001
104	520	0.000001
104	1040	0.000001
105	0	0.000303
105	131	0.000001
105	150	0.000001
105	175	0.000001
105	210	0.000001
105	262	0.000001
105	350	0.000001
105	525	0.000001
105	1050	0.000001
106	0	0.000354
106	132	0.000001
106	151	0.000002
106	176	0.000001
106	212	0.000001
106	265	0.000001
106	353	0.000001
106	530	0.000001
106	1060	0.000001
107	0	0.000436
107	133	0.000001
107	152	0.000001
107	178	0.000000
107	214	0.000000
107	267	0.000001
107	356	0.000001
107	535	0.000001
107	1070	0.000001
108	0	0.000319
108	135	0.000001
108	154	0.000001
108	180	0.000001
108	216	0.000001
108	270	0.000001
108	360	0.000001
108	540	0.000001
108	1080	0.000001
109	0	0.000319
109	136	0.000001
109	155	0.000001
109	181	0.000000
109	218	0.000001
109	272	0.000001
109	363	0.000001
109	545	0.000000
109	1090	0.000001
110	0	0.000363
110	137	0.000001
110	157	0.000001
110	183	0.000001
110	220	0.000001
110	275	0.000001
110	366	0.000001
110	550	0.000001
110	1100	0.000001
111	0	0.000333
111	138	0.000001
111	158	0.000001
111	185	0.000001
111	222	0.000001
111	277	0.000001
111	370	0.000001
111	555	0.000001
111	1110	0.000001
112	0	0.000537
112	140	0.000001
112	160	0.000001
112	186	0.000001
112	224	0.000001
112	280	0.000001
112	373	0.000001
112	560	0.000001
112	1120	0.000001
113	0	0.000332
113	141	0.000001
113	161	0.000001
113	188	0.000001
113	226	0.000001
113	282	0.000001
113	376	0.000000
113	565	0.000001
113	1130	0.000000
114	0	0.000336
114	142	0.000001
114	162	0.000001
114	190	0.000001
114	228	0.000001
114	285	0.000001
114	380	0.000001
114	570	0.000001
114	1140	0.000001
115	0	0.000348
115	143	0.000001
115	164	0.000001
115	191	0.000001
115	230	0.000001
115	287	0.000001
115	383	0.000001
115	575	0.000001
115	1150	0.000001
116	0	0.000346
116	145	0.000001
116	165	0.000001
116	193	0.000001
116	232	0.000001
116	290	0.000001
116	386	0.000001
116	580	0.000001
116	1160	0.000001
117	0	0.000389
117	146	0.000001
117	167	0.000001
117	195	0.000001
117	234	0.000001
117	292	0.000001
117	390	0.000001
117	585	0.000001
117	1170	0.000000
118	0	0.002583
118	147	0.000001
118	168	0.000001
118	196	0.000001
118	236	0.000001
118	295	0.000000
118	393	0.000001
118	590	0.000001
118	1180	0.000001
119	0	0.000370
119	148	0.000001
119	170	0.000001
119	198	0.000001
119	238	0.000000
119	297	0.000001
119	396	0.000001
119	595	0.000001
119	1190	0.000001
120	0	0.000222
120	150	0.000000
120	171	0.000001
120	200	0.000001
120	240	0.000001
120	300	0.000001
120	400	0.000001
120	600	0.000001
120	1200	0.000001
121	0	0.000370
121	151	0.000001
121	172	0.000001
121	201	0.000001
121	242	0.000001
121	302	0.000001
121	403	0.000001
121	605	0.000001
121	1210	0.000001
122	0	0.000405
122	152	0.000001
122	174	0.000001
122	203	0.000001
122	244	0.000001
122	305	0.000001
122	406	0.000001
122	610	0.000001
122	1220	0.000001
123	0	0.000226
123	153	0.000001
123	175	0.000000
123	205	0.000001
123	246	0.000001
123	307	0.000002
123	410	0.000000
123	615	0.000001
123	1230	0.000000
124	0	0.000203
124	155	0.000001
124	177	0.000000
124	206	0.000001
124	248	0.000001
124	310	0.000001
124	413	0.000001
124	620	0.000001
124	1240	0.000001
125	0	0.000208
125	156	0.000001
125	178	0.000001
125	208	0.000000
125	250	0.000000
125	312	0.000001
125	416	0.000000
125	625	0.000000
125	1250	0.000001
126	0	0.000222
126	157	0.000001
126	180	0.000001
126	210	0.000000
126	252	0.000000
126	315	0.000000
126	420	0.000001
126	630	0.000001
126	1260	0.000001
127	0	0.000226
127	158	0.000001
127	181	0.000001
127	211	0.000000
127	254	0.000000
127	317	0.000000
127	423	0.000001
127	635	0.000001
127	1270	0.000001
128	0	0.000237
128	160	0.000001
128	182	0.000000
128	213	0.000000
128	256	0.000000
128	320	0.000001
128	426	0.000001
128	640	0.000001
128	1280	0.000001
129	0	0.000439
129	161	0.000001
129	184	0.000001
129	215	0.000001
129	258	0.000001
129	322	0.000001
129	430	0.000001
129	645	0.000001
129	1290	0.000001
130	0	0.000498
130	162	0.000001
130	185	0.000001
130	216	0.000001
130	260	0.000001
130	325	0.000091
130	433	0.000001
130	650	0.000001
130	1300	0.000002
131	0	0.000445
131	163	0.000001
131	187	0.000001
131	218	0.000001
131	262	0.000001
131	327	0.000001
131	436	0.000001
131	655	0.000001
131	1310	0.000001
132	0	0.000459
132	165	0.000002
132	188	0.000001
132	220	0.000001
132	264	0.000002
132	330	0.000001
132	440	0.000000
132	660	0.000001
132	1320	0.000001
133	0	0.000487
133	166	0.000001
133	190	0.000001
133	221	0.000001
133	266	0.000001
133	332	0.000001
133	443	0.000001
133	665	0.000001
133	1330	0.000001
134	0	0.000479
134	167	0.000001
134	191	0.000001
134	223	0.000001
134	268	0.000001
134	335	0.000001
134	446	0.000001
134	670	0.000001
134	1340	0.000001
135	0	0.000480
135	168	0.000001
135	192	0.000001
135	225	0.000001
135	270	0.000001
135	337	0.000001
135	450	0.000001
135	675	0.000001
135	1350	0.000001
136	0	0.000509
136	170	0.000001
136	194	0.000001
136	226	0.000001
136	272	0.000001
136	340	0.000001
136	453	0.000001
136	680	0.000001
136	1360	0.000001
137	0	0.000505
137	171	0.000001
137	195	0.000001
137	228	0.000001
137	274	0.000001
137	342	0.000001
137	456	0.000001
137	685	0.000001
137	1370	0.000001
138	0	0.000521
138	172	0.000001
138	197	0.000001
138	230	0.000001
138	276	0.000001
138	345	0.000001
138	460	0.000002
138	690	0.000001
138	1380	0.000001
139	0	0.000515
139	173	0.000001
139	198	0.000001
139	231	0.000001
139	278	0.000001
139	347	0.000001
139	463	0.000001
139	695	0.000001
139	1390	0.000001
140	0	0.000525
140	175	0.000001
140	200	0.000001
140	233	0.000001
140	280	0.000001
140	350	0.000001
140	466	0.000001
140	700	0.000002
140	1400	0.000001
141	0	0.000521
141	176	0.000001
141	201	0.000001
141	235	0.000001
141	282	0.000001
141	352	0.000001
141	470	0.000001
141	705	0.000001
141	1410	0.000001
142	0	0.000538
142	177	0.000001
142	202	0.000001
142	236	0.000001
142	284	0.000001
142	355	0.000001
142	473	0.000001
142	710	0.000001
142	1420	0.000001
143	0	0.001507
143	178	0.000001
143	204	0.000001
143	238	0.000001
143	286	0.000001
143	357	0.000001
143	476	0.000001
143	715	0.000001
143	1430	0.000001
144	0	0.000564
144	180	0.000001
144	205	0.000001
144	240	0.000001
144	288	0.000001
144	360	0.000001
144	480	0.000001
144	720	0.000001
144	1440	0.000001
145	0	0.000588
145	181	0.000001
145	207	0.000001
145	241	0.000001
145	290	0.000001
145	362	0.000001
145	483	0.000001
145	725	0.000001
145	1450	0.000001
146	0	0.000557
146	182	0.000002
146	208	0.000001
146	243	0.000001
146	292	0.000001
146	365	0.000001
146	486	0.000001
146	730	0.000002
146	1460	0.000001
147	0	0.000554
147	183	0.000001
147	210	0.000001
147	245	0.000001
147	294	0.000001
147	367	0.000001
147	490	0.000001
147	735	0.000001
147	1470	0.000001
148	0	0.000590
148	185	0.000001
148	211	0.000001
148	246	0.000001
148	296	0.000001
148	370	0.000001
148	493	0.000002
148	740	0.000001
148	1480	0.000001
149	0	0.000595
149	186	0.000001
149	212	0.000001
149	248	0.000001
149	298	0.000001
149	372	0.000001
149	496	0.000001
149	745	0.000001
149	1490	0.000001
150	0	0.000574
150	187	0.002579
150	214	0.000001
150	250	0.000001
150	300	0.000001
150	375	0.000001
150	500	0.000001
150	750	0.000001
150	1500	0.000001
151	0	0.000622
151	188	0.000001
151	215	0.000001
151	251	0.000001
151	302	0.000001
151	377	0.000001
151	503	0.000001
151	755	0.000001
151	1510	0.000001
152	0	0.000605
152	190	0.000001
152	217	0.000001
152	253	0.000001
152	304	0.000001
152	380	0.000001
152	506	0.000001
152	760	0.000001
152	1520	0.000001
153	0	0.000598
153	191	0.000001
153	218	0.000001
153	255	0.000001
153	306	0.000001
153	382	0.000001
153	510	0.000001
153	765	0.000001
153	1530	0.000001
154	0	0.000371
154	192	0.000001
154	220	0.000001
154	256	0.000001
154	308	0.000001
154	385	0.000001
154	513	0.000001
154	770	0.000001
154	1540	0.000001
155	0	0.000315
155	193	0.000001
155	221	0.000001
155	258	0.000000
155	310	0.000000
155	387	0.000001
155	516	0.000001
155	775	0.000001
155	1550	0.000001
156	0	0.000383
156	195	0.000001
156	222	0.000001
156	260	0.000001
156	312	0.000001
156	390	0.000001
156	520	0.000001
156	780	0.000001
156	1560	0.000001
157	0	0.000668
157	196	0.000001
157	224	0.000001
157	261	0.000001
157	314	0.000001
157	392	0.000001
157	523	0.000001
157	785	0.000001
157	1570	0.000001
158	0	0.000408
158	197	0.000001
158	225	0.000001
158	263	0.000001
158	316	0.000001
158	395	0.000001
158	526	0.000001
158	790	0.000001
158	1580	0.000001
159	0	0.000400
159	198	0.000001
159	227	0.000001
159	265	0.000001
159	318	0.000001
159	397	0.000001
159	530	0.000001
159	795	0.000002
159	1590	0.000001
160	0	0.000380
160	200	0.000001
160	228	0.000001
160	266	0.000001
160	320	0.000001
160	400	0.000001
160	533	0.000001
160	800	0.000001
160	1600	0.000001
161	0	0.000372
161	201	0.000001
161	230	0.000001
161	268	0.000001
161	322	0.000001
161	402	0.000001
161	536	0.000001
161	805	0.000001
161	1610	0.000001
162	0	0.000448
162	202	0.000001
162	231	0.000001
162	270	0.000001
162	324	0.000001
162	405	0.000002
162	540	0.000001
162	810	0.000001
162	1620	0.000001
163	0	0.000415
163	203	0.000001
163	232	0.000001
163	271	0.000001
163	326	0.000001
163	407	0.000001
163	543	0.000001
163	815	0.000001
163	1630	0.000001
164	0	0.000432
164	205	0.000001
164	234	0.000001
164	273	0.000001
164	328	0.000001
164	410	0.000001
164	546	0.000001
164	820	0.000001
164	1640	0.000001
165	0	0.000441
165	206	0.000001
165	235	0.000001
165	275	0.000002
165	330	0.000001
165	412	0.000001
165	550	0.000001
165	825	0.000001
165	1650	0.000002
166	0	0.000460
166	207	0.000001
166	237	0.000001
166	276	0.000001
166	332	0.000001
166	415	0.000001
166	553	0.000001
166	830	0.000001
166	1660	0.000001
167	0	0.000440
167	208	0.000001
167	238	0.000001
167	278	0.000001
167	334	0.000001
167	417	0.000001
167	556	0.000001
167	835	0.000001
167	1670	0.000001
168	0	0.000471
168	210	0.000001
168	240	0.000001
168	280	0.000001
168	336	0.000001
168	420	0.000001
168	560	0.000001
168	840	0.000001
168	1680	0.000001
169	0	0.000382
169	211	0.000001
169	241	0.000001
169	281	0.000000
169	338	0.000001
169	422	0.000001
169	563	0.000001
169	845	0.000000
169	1690	0.000001
170	0	0.000434
170	212	0.000001
170	242	0.000000
170	283	0.000001
170	340	0.000001
170	425	0.000001
170	566	0.000001
170	850	0.000001
170	1700	0.000001
171	0	0.005107
171	213	0.000001
171	244	0.000001
171	285	0.000001
171	342	0.000001
171	427	0.000001
171	570	0.000001
171	855	0.000001
171	1710	0.000000
172	0	0.000388
172	215	0.000001
172	245	0.000001
172	286	0.000001
172	344	0.000001
172	430	0.000001
172	573	0.000001
172	860	0.000001
172	1720	0.000001
173	0	0.000484
173	216	0.000001
173	247	0.000001
173	288	0.000000
173	346	0.000001
173	432	0.000001
173	576	0.000001
173	865	0.000001
173	1730	0.000001
174	0	0.000420
174	217	0.000001
174	248	0.000001
174	290	0.000001
174	348	0.000001
174	435	0.000001
174	580	0.000001
174	870	0.000000
174	1740	0.000001
175	0	0.000455
175	218	0.000001
175	250	0.000001
175	291	0.000000
175	350	0.000001
175	437	0.000001
175	583	0.000001
175	875	0.000001
175	1750	0.000001
176	0	0.000418
176	220	0.000001
176	251	0.000001
176	293	0.000001
176	352	0.000000
176	440	0.000001
176	586	0.000001
176	880	0.000001
176	1760	0.000001
177	0	0.000729
177	221	0.000001
177	252	0.000001
177	295	0.000001
177	354	0.000001
177	442	0.000001
177	590	0.000000
177	885	0.000001
177	1770	0.000000
178	0	0.000442
178	222	0.000001
178	254	0.000001
178	296	0.000001
178	356	0.000001
178	445	0.000000
178	593	0.000001
178	890	0.000001
178	1780	0.000001
179	0	0.001251
179	223	0.000001
179	255	0.000001
179	298	0.000001
179	358	0.000001
179	447	0.000001
179	596	0.000001
179	895	0.000001
179	1790	0.000001
180	0	0.000812
180	225	0.000001
180	257	0.000001
180	300	0.000001
180	360	0.000001
180	450	0.000001
180	600	0.000001
180	900	0.000001
180	1800	0.000001
181	0	0.000822
181	226	0.000001
181	258	0.000001
181	301	0.000001
181	362	0.000002
181	452	0.000001
181	603	0.000001
181	905	0.000001
181	1810	0.000001
182	0	0.000543
182	227	0.000001
182	260	0.000001
182	303	0.000001
182	364	0.000001
182	455	0.000001
182	606	0.000001
182	910	0.000001
182	1820	0.000002
183	0	0.000546
183	228	0.000001
183	261	0.000002
183	305	0.000001
183	366	0.000002
183	457	0.000001
183	610	0.000001
183	915	0.000001
183	1830	0.000001
184	0	0.000543
184	230	0.000001
184	262	0.000001
184	306	0.000001
184	368	0.000001
184	460	0.000001
184	613	0.000001
184	920	0.000001
184	1840	0.000001
185	0	0.000552
185	231	0.000001
185	264	0.000001
185	308	0.000001
185	370	0.000001
185	462	0.000001
185	616	0.000001
185	925	0.000001
185	1850	0.000001
186	0	0.000920
186	232	0.000001
186	265	0.000001
186	310	0.000001
186	372	0.000001
186	465	0.000001
186	620	0.000001
186	930	0.000001
186	1860	0.000001
187	0	0.000905
187	233	0.000001
187	267	0.000001
187	311	0.000001
187	374	0.000001
187	467	0.000001
187	623	0.000001
187	935	0.000001
187	1870	0.000001
188	0	0.009332
188	235	0.000001
188	268	0.000001
188	313	0.000001
188	376	0.000001
188	470	0.000001
188	626	0.000001
188	940	0.000001
188	1880	0.000001
189	0	0.000991
189	236	0.000001
189	270	0.000001
189	315	0.000001
189	378	0.000001
189	472	0.000001
189	630	0.000001
189	945	0.000001
189	1890	0.000001
190	0	0.000615
190	237	0.000002
190	271	0.000001
190	316	0.000001
190	380	0.000001
190	475	0.000001
190	633	0.000001
190	950	0.000001
190	1900	0.000001
191	0	0.000511
191	238	0.000001
191	272	0.000001
191	318	0.000001
191	382	0.000001
191	477	0.000001
191	636	0.000001
191	955	0.000001
191	1910	0.000001
192	0	0.000589
192	240	0.000001
192	274	0.000001
192	320	0.000001
192	384	0.000001
192	480	0.000001
192	640	0.000001
192	960	0.000001
192	1920	0.000001
193	0	0.000953
193	241	0.000001
193	275	0.000001
193	321	0.000001
193	386	0.000001
193	482	0.000002
193	643	0.000001
193	965	0.000001
193	1930	0.000001
194	0	0.001000
194	242	0.000001
194	277	0.000001
194	323	0.000001
194	388	0.000002
194	485	0.000001
194	646	0.000001
194	970	0.000001
194	1940	0.000001
195	0	0.000933
195	243	0.000001
195	278	0.000001
195	325	0.000001
195	390	0.000001
195	487	0.000001
195	650	0.000001
195	975	0.000002
195	1950	0.000001
196	0	0.000963
196	245	0.000001
196	280	0.000001
196	326	0.000001
196	392	0.000001
196	490	0.000001
196	653	0.000001
196	980	0.000001
196	1960	0.000001
197	0	0.000594
197	246	0.000001
197	281	0.000001
197	328	0.000001
197	394	0.000001
197	492	0.000001
197	656	0.000001
197	985	0.000001
197	1970	0.000001
198	0	0.000595
198	247	0.000001
198	282	0.000001
198	330	0.000003
198	396	0.000001
198	495	0.000001
198	660	0.000001
198	990	0.000001
198	1980	0.000001
199	0	0.000982
199	248	0.000001
199	284	0.000001
199	331	0.000001
199	398	0.000001
199	497	0.000001
199	663	0.000001
199	995	0.000001
199	1990	0.000001
200	0	0.001072
200	250	0.000001
200	285	0.000001
200	333	0.000001
200	400	0.000001
200	500	0.000001
200	666	0.000001
200	1000	0.000001
200	2000	0.000001
201	0	0.001045
201	251	0.000001
201	287	0.000001
201	335	0.000001
201	402	0.000001
201	502	0.000001
201	670	0.000001
201	1005	0.000001
201	2010	0.000001
202	0	0.001023
202	252	0.000001
202	288	0.000001
202	336	0.000001
202	404	0.000001
202	505	0.000001
202	673	0.000001
202	1010	0.000001
202	2020	0.000002
203	0	0.001025
203	253	0.000001
203	290	0.000002
203	338	0.000001
203	406	0.000001
203	507	0.000001
203	676	0.000001
203	1015	0.000001
203	2030	0.000001
204	0	0.001029
204	255	0.000001
204	291	0.000001
204	340	0.000001
204	408	0.000001
204	510	0.000002
204	680	0.000001
204	1020	0.000001
204	2040	0.000001
205	0	0.001089
205	256	0.000001
205	292	0.000002
205	341	0.000001
205	410	0.000001
205	512	0.000001
205	683	0.000001
205	1025	0.000001
205	2050	0.000001
206	0	0.001050
206	257	0.000001
206	294	0.000001
206	343	0.000001
206	412	0.000001
206	515	0.000001
206	686	0.000001
206	1030	0.000001
206	2060	0.000001
207	0	0.001045
207	258	0.000001
207	295	0.000001
207	345	0.000001
207	414	0.000001
207	517	0.000001
207	690	0.000002
207	1035	0.000001
207	2070	0.000003
208	0	0.001061
208	260	0.000002
208	297	0.000001
208	346	0.000001
208	416	0.000001
208	520	0.000001
208	693	0.000001
208	1040	0.000001
208	2080	0.000001
209	0	0.001054
209	261	0.000001
209	298	0.000001
209	348	0.000001
209	418	0.000001
209	522	0.000002
209	696	0.000001
209	1045	0.000001
209	2090	0.000001
210	0	0.001139
210	262	0.000001
210	300	0.000001
210	350	0.000001
210	420	0.000002
210	525	0.000001
210	700	0.000001
210	1050	0.000001
210	2100	0.000001
211	0	0.000664
211	263	0.000001
211	301	0.000001
211	351	0.000001
211	422	0.000001
211	527	0.000002
211	703	0.000001
211	1055	0.000001
211	2110	0.000001
212	0	0.000667
212	265	0.000001
212	302	0.000002
212	353	0.000001
212	424	0.000001
212	530	0.000001
212	706	0.000001
212	1060	0.000001
212	2120	0.000001
213	0	0.000690
213	266	0.000001
213	304	0.000001
213	355	0.000001
213	426	0.000001
213	532	0.000001
213	710	0.000001
213	1065	0.000002
213	2130	0.000001
214	0	0.000630
214	267	0.000001
214	305	0.000001
214	356	0.000001
214	428	0.000001
214	535	0.000001
214	713	0.000002
214	1070	0.000001
214	2140	0.000001
215	0	0.001155
215	268	0.000001
215	307	0.000001
215	358	0.000001
215	430	0.000001
215	537	0.000001
215	716	0.000001
215	1075	0.000001
215	2150	0.000001
216	0	0.001198
216	270	0.000001
216	308	0.000001
216	360	0.000001
216	432	0.000001
216	540	0.000001
216	720	0.000001
216	1080	0.000002
216	2160	0.000001
217	0	0.001143
217	271	0.000001
217	310	0.000001
217	361	0.000001
217	434	0.000001
217	542	0.000001
217	723	0.000001
217	1085	0.000001
217	2170	0.000001
218	0	0.001274
218	272	0.000001
218	311	0.000001
218	363	0.000002
218	436	0.000001
218	545	0.000001
218	726	0.000001
218	1090	0.000001
218	2180	0.000002
219	0	0.000659
219	273	0.000002
219	312	0.000001
219	365	0.000001
219	438	0.000001
219	547	0.000002
219	730	0.000001
219	1095	0.000001
219	2190	0.000001
220	0	0.000677
220	275	0.000001
220	314	0.000001
220	366	0.000002
220	440	0.000002
220	550	0.000001
220	733	0.000002
220	1100	0.000001
220	2200	0.000001
221	0	0.000718
221	276	0.000001
221	315	0.000001
221	368	0.000001
221	442	0.000002
221	552	0.000001
221	736	0.000001
221	1105	0.000001
221	2210	0.000002
222	0	0.000669
222	277	0.000002
222	317	0.000002
222	370	0.000001
222	444	0.000001
222	555	0.000001
222	740	0.000001
222	1110	0.000001
222	2220	0.000002
223	0	0.000665
223	278	0.000001
223	318	0.000002
223	371	0.000001
223	446	0.000001
223	557	0.000002
223	743	0.000001
223	1115	0.000001
223	2230	0.000001
224	0	0.001241
224	280	0.000001
224	320	0.000001
224	373	0.000001
224	448	0.000002
224	560	0.000001
224	746	0.000001
224	1120	0.000001
224	2240	0.000001
225	0	0.000734
225	281	0.000001
225	321	0.000001
225	375	0.000001
225	450	0.000001
225	562	0.000001
225	750	0.000001
225	1125	0.000001
225	2250	0.000001
226	0	0.000681
226	282	0.000001
226	322	0.000001
226	376	0.000001
226	452	0.000001
226	565	0.000002
226	753	0.000001
226	1130	0.000002
226	2260	0.000001
227	0	0.000699
227	283	0.000001
227	324	0.000002
227	378	0.000001
227	454	0.000001
227	567	0.000001
227	756	0.000001
227	1135	0.000001
227	2270	0.000001
228	0	0.009532
228	285	0.000002
228	325	0.000001
228	380	0.000001
228	456	0.000001
228	570	0.000001
228	760	0.000001
228	1140	0.000001
228	2280	0.000001
229	0	0.000643
229	286	0.000001
229	327	0.000002
229	381	0.000001
229	458	0.000001
229	572	0.000001
229	763	0.000001
229	1145	0.000001
229	2290	0.000001
230	0	0.001381
230	287	0.000001
230	328	0.000001
230	383	0.000002
230	460	0.000001
230	575	0.000001
230	766	0.000001
230	1150	0.000001
230	2300	0.000001
231	0	0.000731
231	288	0.000001
231	330	0.000002
231	385	0.000001
231	462	0.000001
231	577	0.000002
231	770	0.000001
231	1155	0.000001
231	2310	0.000001
232	0	0.000717
232	290	0.000001
232	331	0.000001
232	386	0.000001
232	464	0.000001
232	580	0.000001
232	773	0.000001
232	1160	0.000001
232	2320	0.000001
233	0	0.000738
233	291	0.000001
233	332	0.000001
233	388	0.000002
233	466	0.000001
233	582	0.000001
233	776	0.000001
233	1165	0.000001
233	2330	0.000002
234	0	0.000838
234	292	0.000001
234	334	0.000001
234	390	0.000001
234	468	0.000001
234	585	0.000001
234	780	0.000001
234	1170	0.000001
234	2340	0.000001
235	0	0.000771
235	293	0.000002
235	335	0.000001
235	391	0.000001
235	470	0.000001
235	587	0.000001
235	783	0.000001
235	1175	0.000001
235	2350	0.000001
236	0	0.000746
236	295	0.000001
236	337	0.000001
236	393	0.000001
236	472	0.000002
236	590	0.000001
236	786	0.000001
236	1180	0.000001
236	2360	0.000001
237	0	0.000749
237	296	0.000001
237	338	0.000001
237	395	0.000002
237	474	0.000001
237	592	0.000001
237	790	0.000001
237	1185	0.000001
237	2370	0.000001
238	0	0.001466
238	297	0.000001
238	340	0.000001
238	396	0.000001
238	476	0.000001
238	595	0.000001
238	793	0.000001
238	1190	0.000001
238	2380	0.000001
239	0	0.001500
239	298	0.000001
239	341	0.000001
239	398	0.000001
239	478	0.000001
239	597	0.000001
239	796	0.000002
239	1195	0.000002
239	2390	0.000001
240	0	0.000761
240	300	0.000002
240	342	0.000001
240	400	0.000001
240	480	0.000001
240	600	0.000001
240	800	0.000001
240	1200	0.000001
240	2400	0.000001
241	0	0.000788
241	301	0.000001
241	344	0.000001
241	401	0.000001
241	482	0.000001
241	602	0.000001
241	803	0.000001
241	1205	0.000001
241	2410	0.000001
242	0	0.000758
242	302	0.000001
242	345	0.000001
242	403	0.000001
242	484	0.000002
242	605	0.000001
242	806	0.000001
242	1210	0.000002
242	2420	0.000001
243	0	0.000780
243	303	0.000001
243	347	0.000001
243	405	0.000001
243	486	0.000001
243	607	0.000001
243	810	0.000001
243	1215	0.000002
243	2430	0.000001
244	0	0.000774
244	305	0.000001
244	348	0.000002
244	406	0.000001
244	488	0.000001
244	610	0.000001
244	813	0.000001
244	1220	0.000001
244	2440	0.000001
245	0	0.000775
245	306	0.000001
245	350	0.000001
245	408	0.000001
245	490	0.000001
245	612	0.000001
245	816	0.000002
245	1225	0.000001
245	2450	0.000001
246	0	0.000869
246	307	0.000001
246	351	0.000001
246	410	0.000001
246	492	0.000001
246	615	0.000001
246	820	0.000001
246	1230	0.000001
246	2460	0.000001
247	0	0.001495
247	308	0.000001
247	352	0.000001
247	411	0.000001
247	494	0.000001
247	617	0.000001
247	823	0.000002
247	1235	0.000001
247	2470	0.000001
248	0	0.001466
248	310	0.000001
248	354	0.000001
248	413	0.000001
248	496	0.000001
248	620	0.000001
248	826	0.000001
248	1240	0.000001
248	2480	0.000001
249	0	0.009178
249	311	0.000001
249	355	0.000001
249	415	0.000001
249	498	0.000001
249	622	0.000001
249	830	0.000001
249	1245	0.000001
249	2490	0.000001
250	0	0.000822
250	312	0.000001
250	357	0.000001
250	416	0.000001
250	500	0.000001
250	625	0.000001
250	833	0.000001
250	1250	0.000001
250	2500	0.000001
251	0	0.000759
251	313	0.000001
251	358	0.000001
251	418	0.000001
251	502	0.000001
251	627	0.000001
251	836	0.000001
251	1255	0.000001
251	2510	0.000001
252	0	0.000839
252	315	0.000001
252	360	0.000001
252	420	0.000002
252	504	0.000001
252	630	0.000001
252	840	0.000001
252	1260	0.000002
252	2520	0.000001
253	0	0.004286
253	316	0.000001
253	361	0.000001
253	421	0.000001
253	506	0.000002
253	632	0.000001
253	843	0.000001
253	1265	0.000001
253	2530	0.000001
254	0	0.000842
254	317	0.000001
254	362	0.000001
254	423	0.000001
254	508	0.000001
254	635	0.000001
254	846	0.000001
254	1270	0.000001
254	2540	0.000001
255	0	0.000902
255	318	0.000001
255	364	0.000001
255	425	0.000001
255	510	0.000001
255	637	0.000001
255	850	0.000001
255	1275	0.000001
255	2550	0.000001
256	0	0.001576
256	320	0.000001
256	365	0.000001
256	426	0.000001
256	512	0.000002
256	640	0.000001
256	853	0.000001
256	1280	0.000001
256	2560	0.000001
257	0	0.000918
257	321	0.000001
257	367	0.000001
257	428	0.000001
257	514	0.000001
257	642	0.000002
257	856	0.000001
257	1285	0.000001
257	2570	0.000001
258	0	0.000894
258	322	0.000001
258	368	0.000001
258	430	0.000002
258	516	0.000001
258	645	0.000001
258	860	0.000001
258	1290	0.000001
258	2580	0.000002
259	0	0.000865
259	323	0.000001
259	370	0.000001
259	431	0.000001
259	518	0.000001
259	647	0.000001
259	863	0.000002
259	1295	0.000001
259	2590	0.000001
260	0	0.000891
260	325	0.000001
260	371	0.000001
260	433	0.000001
260	520	0.000001
260	650	0.000001
260	866	0.000001
260	1300	0.000001
260	2600	0.000001
261	0	0.001625
261	326	0.000001
261	372	0.000004
261	435	0.000001
261	522	0.000001
261	652	0.000001
261	870	0.000001
261	1305	0.000001
261	2610	0.000001
262	0	0.008868
262	327	0.000002
262	374	0.000002
262	436	0.000002
262	524	0.000001
262	655	0.000001
262	873	0.000001
262	1310	0.000001
262	2620	0.000001
263	0	0.002682
263	328	0.000001
263	375	0.000001
263	438	0.000001
263	526	0.000001
263	657	0.000001
263	876	0.000001
263	1315	0.000001
263	2630	0.000001
264	0	0.001720
264	330	0.000001
264	377	0.000001
264	440	0.000001
264	528	0.000001
264	660	0.000001
264	880	0.000001
264	1320	0.000001
264	2640	0.000001
265	0	0.000965
265	331	0.000001
265	378	0.000001
265	441	0.000001
265	530	0.000001
265	662	0.000002
265	883	0.000001
265	1325	0.000001
265	2650	0.000001
266	0	0.001873
266	332	0.000001
266	380	0.000001
266	443	0.000002
266	532	0.000001
266	665	0.000001
266	886	0.000001
266	1330	0.000001
266	2660	0.000001
267	0	0.000903
267	333	0.000001
267	381	0.000001
267	445	0.000001
267	534	0.000001
267	667	0.000001
267	890	0.000001
267	1335	0.000002
267	2670	0.000001
268	0	0.001791
268	335	0.000001
268	382	0.000001
268	446	0.000001
268	536	0.000001
268	670	0.000001
268	893	0.000001
268	1340	0.000001
268	2680	0.000001
269	0	0.000912
269	336	0.000002
269	384	0.000001
269	448	0.000001
269	538	0.000001
269	672	0.000001
269	896	0.000001
269	1345	0.000001
269	2690	0.000002
270	0	0.001036
270	337	0.000001
270	385	0.000001
270	450	0.000001
270	540	0.000002
270	675	0.000002
270	900	0.000001
270	1350	0.000001
270	2700	0.000001
271	0	0.000965
271	338	0.000001
271	387	0.000002
271	451	0.000001
271	542	0.000001
271	677	0.000002
271	903	0.000001
271	1355	0.000002
271	2710	0.000002
272	0	0.001186
272	340	0.000001
272	388	0.000002
272	453	0.000001
272	544	0.000001
272	680	0.000001
272	906	0.000002
272	1360	0.000001
272	2720	0.000001
273	0	0.000974
273	341	0.000001
273	390	0.000001
273	455	0.000002
273	546	0.000001
273	682	0.000001
273	910	0.000001
273	1365	0.000001
273	2730	0.000001
274	0	0.001938
274	342	0.000001
274	391	0.000001
274	456	0.000001
274	548	0.000001
274	685	0.000001
274	913	0.000001
274	1370	0.000001
274	2740	0.000001
275	0	0.001812
275	343	0.000001
275	392	0.000001
275	458	0.000001
275	550	0.000001
275	687	0.000001
275	916	0.000001
275	1375	0.000001
275	2750	0.000001
276	0	0.001119
276	345	0.000001
276	394	0.000001
276	460	0.000001
276	552	0.000001
276	690	0.000001
276	920	0.000001
276	1380	0.000001
276	2760	0.000001
277	0	0.006628
277	346	0.000002
277	395	0.000001
277	461	0.000001
277	554	0.000001
277	692	0.000002
277	923	0.000001
277	1385	0.000002
277	2770	0.000002
278	0	0.001247
278	347	0.000001
278	397	0.000001
278	463	0.000001
278	556	0.000002
278	695	0.000001
278	926	0.000001
278	1390	0.000001
278	2780	0.000001
279	0	0.001439
279	348	0.000001
279	398	0.000001
279	465	0.000001
279	558	0.000002
279	697	0.000001
279	930	0.000001
279	1395	0.000001
279	2790	0.000001
280	0	0.001260
280	350	0.000001
280	400	0.000001
280	466	0.000002
280	560	0.000002
280	700	0.000001
280	933	0.000001
280	1400	0.000001
280	2800	0.000002
281	0	0.001050
281	351	0.000001
281	401	0.000002
281	468	0.000001
281	562	0.000001
281	702	0.000001
281	936	0.000001
281	1405	0.000001
281	2810	0.000001
282	0	0.000029
282	352	0.000001
282	402	0.000001
282	470	0.000001
282	564	0.000001
282	705	0.000001
282	940	0.000002
282	1410	0.000001
282	2820	0.000001
283	0	0.001074
283	353	0.000001
283	404	0.000001
283	471	0.000001
283	566	0.000001
283	707	0.000001
283	943	0.000001
283	1415	0.000001
283	2830	0.000001
284	0	0.002017
284	355	0.000001
284	405	0.000001
284	473	0.000001
284	568	0.000001
284	710	0.000002
284	946	0.000001
284	1420	0.000001
284	2840	0.000001
285	0	0.001882
285	356	0.000001
285	407	0.000001
285	475	0.000001
285	570	0.000001
285	712	0.000001
285	950	0.000001
285	1425	0.000001
285	2850	0.000001
286	0	0.001088
286	357	0.000001
286	408	0.000002
286	476	0.000001
286	572	0.000001
286	715	0.000001
286	953	0.000002
286	1430	0.000001
286	2860	0.000001
287	0	0.001203
287	358	0.000001
287	410	0.000001
287	478	0.000001
287	574	0.000001
287	717	0.000001
287	956	0.000001
287	1435	0.000001
287	2870	0.000001
288	0	0.001147
288	360	0.000001
288	411	0.000001
288	480	0.000002
288	576	0.000001
288	720	0.000002
288	960	0.000002
288	1440	0.000001
288	2880	0.000002
289	0	0.001151
289	361	0.000001
289	412	0.000002
289	481	0.000001
289	578	0.000001
289	722	0.000001
289	963	0.000001
289	1445	0.000001
289	2890	0.000001
290	0	0.001085
290	362	0.000001
290	414	0.000001
290	483	0.000002
290	580	0.000001
290	725	0.000001
290	966	0.000001
290	1450	0.000001
290	2900	0.000001
291	0	0.002014
291	363	0.000001
291	415	0.000001
291	485	0.000001
291	582	0.000001
291	727	0.000001
291	970	0.000001
291	1455	0.000001
291	2910	0.000001
292	0	0.001233
292	365	0.000001
292	417	0.000001
292	486	0.000002
292	584	0.000001
292	730	0.000001
292	973	0.000002
292	1460	0.000001
292	2920	0.000001
293	0	0.002102
293	366	0.000001
293	418	0.000001
293	488	0.000001
293	586	0.000001
293	732	0.000001
293	976	0.000001
293	1465	0.000001
293	2930	0.000001
294	0	0.005540
294	367	0.000001
294	420	0.000001
294	490	0.000001
294	588	0.000003
294	735	0.000002
294	980	0.000001
294	1470	0.000001
294	2940	0.000002
295	0	0.001243
295	368	0.000001
295	421	0.000001
295	491	0.000001
295	590	0.000001
295	737	0.000001
295	983	0.000001
295	1475	0.000001
295	2950	0.000001
296	0	0.002053
296	370	0.000001
296	422	0.000001
296	493	0.000001
296	592	0.000001
296	740	0.000001
296	986	0.000001
296	1480	0.000001
296	2960	0.000001
297	0	0.002141
297	371	0.000001
297	424	0.000001
297	495	0.000003
297	594	0.000001
297	742	0.000001
297	990	0.000001
297	1485	0.000001
297	2970	0.000001
298	0	0.002911
298	372	0.000001
298	425	0.000001
298	496	0.000001
298	596	0.000001
298	745	0.000001
298	993	0.000001
298	1490	0.000001
298	2980	0.000001
299	0	0.004262
299	373	0.000001
299	427	0.000001
299	498	0.000001
299	598	0.000001
299	747	0.000001
299	996	0.000001
299	1495	0.000001
299	2990	0.000001
300	0	0.001117
300	375	0.000001
300	428	0.000001
300	500	0.000001
300	600	0.000001
300	750	0.000001
300	1000	0.000001
300	1500	0.000001
300	3000	0.000001
301	0	0.002125
301	376	0.000001
301	430	0.000001
301	501	0.000001
301	602	0.000001
301	752	0.000001
301	1003	0.000001
301	1505	0.000001
301	3010	0.000002
302	0	0.001160
302	377	0.000001
302	431	0.000001
302	503	0.000002
302	604	0.000001
302	755	0.000001
302	1006	0.000002
302	1510	0.000002
302	3020	0.000002
303	0	0.001625
303	378	0.000001
303	432	0.000001
303	505	0.000001
303	606	0.000001
303	757	0.000001
303	1010	0.000001
303	1515	0.000001
303	3030	0.000018
304	0	0.001175
304	380	0.000001
304	434	0.000001
304	506	0.000001
304	608	0.000001
304	760	0.000001
304	1013	0.000002
304	1520	0.000001
304	3040	0.000003
305	0	0.001905
305	381	0.000001
305	435	0.000001
305	508	0.000001
305	610	0.000001
305	762	0.000001
305	1016	0.000002
305	1525	0.000001
305	3050	0.000001
306	0	0.001136
306	382	0.000002
306	437	0.000001
306	510	0.000002
306	612	0.000001
306	765	0.000001
306	1020	0.000001
306	1530	0.000001
306	3060	0.000001
307	0	0.002441
307	383	0.000001
307	438	0.000001
307	511	0.000002
307	614	0.000001
307	767	0.000001
307	1023	0.000001
307	1535	0.000001
307	3070	0.000002
308	0	0.000033
308	385	0.000001
308	440	0.000001
308	513	0.000001
308	616	0.000001
308	770	0.000002
308	1026	0.000001
308	1540	0.000001
308	3080	0.000001
309	0	0.002867
309	386	0.000001
309	441	0.000002
309	515	0.000001
309	618	0.000001
309	772	0.000001
309	1030	0.000001
309	1545	0.000001
309	3090	0.000001
310	0	0.011422
310	387	0.000001
310	442	0.000001
310	516	0.000001
310	620	0.000002
310	775	0.000001
310	1033	0.000001
310	1550	0.000001
310	3100	0.000001
311	0	0.001161
311	388	0.000002
311	444	0.000001
311	518	0.000001
311	622	0.000001
311	777	0.000001
311	1036	0.000001
311	1555	0.000001
311	3110	0.000001
312	0	0.003067
312	390	0.000001
312	445	0.000001
312	520	0.000001
312	624	0.000001
312	780	0.000001
312	1040	0.000001
312	1560	0.000001
312	3120	0.000001
313	0	0.001297
313	391	0.000001
313	447	0.000001
313	521	0.000001
313	626	0.000001
313	782	0.000002
313	1043	0.000001
313	1565	0.000001
313	3130	0.000001
314	0	0.001196
314	392	0.000001
314	448	0.000002
314	523	0.000001
314	628	0.000001
314	785	0.000001
314	1046	0.000001
314	1570	0.000001
314	3140	0.000001
315	0	0.002795
315	393	0.000001
315	450	0.000001
315	525	0.000001
315	630	0.000001
315	787	0.000001
315	1050	0.000001
315	1575	0.000001
315	3150	0.000001
316	0	0.001248
316	395	0.000002
316	451	0.000001
316	526	0.000001
316	632	0.000001
316	790	0.000001
316	1053	0.000002
316	1580	0.000001
316	3160	0.000001
317	0	0.002547
317	396	0.000002
317	452	0.000001
317	528	0.000001
317	634	0.000001
317	792	0.000001
317	1056	0.000001
317	1585	0.000001
317	3170	0.000002
318	0	0.001274
318	397	0.000001
318	454	0.000001
318	530	0.000001
318	636	0.000001
318	795	0.000001
318	1060	0.000001
318	1590	0.000001
318	3180	0.000001
319	0	0.001348
319	398	0.000001
319	455	0.000001
319	531	0.000001
319	638	0.000001
319	797	0.000001
319	1063	0.000002
319	1595	0.000001
319	3190	0.000002
320	0	0.001384
320	400	0.000002
320	457	0.000001
320	533	0.000001
320	640	0.000001
320	800	0.000001
320	1066	0.000002
320	1600	0.000001
320	3200	0.000001
321	0	0.986078
321	401	0.000001
321	458	0.000001
321	535	0.000001
321	642	0.000001
321	802	0.000001
321	1070	0.000001
321	1605	0.000002
321	3210	0.000001
322	0	0.002438
322	402	0.000001
322	460	0.000001
322	536	0.000003
322	644	0.000002
322	805	0.000001
322	1073	0.000001
322	1610	0.000001
322	3220	0.000001
323	0	0.002437
323	403	0.000001
323	461	0.000001
323	538	0.000001
323	646	0.000001
323	807	0.000001
323	1076	0.000001
323	1615	0.000001
323	3230	0.000001
324	0	0.001294
324	405	0.000002
324	462	0.000001
324	540	0.000001
324	648	0.000001
324	810	0.000001
324	1080	0.000001
324	1620	0.000001
324	3240	0.000001
325	0	0.001472
325	406	0.000001
325	464	0.000001
325	541	0.000001
325	650	0.000001
325	812	0.000001
325	1083	0.000001
325	1625	0.000001
325	3250	0.000001
326	0	0.001319
326	407	0.000001
326	465	0.000001
326	543	0.000001
326	652	0.000001
326	815	0.000001
326	1086	0.000001
326	1630	0.000001
326	3260	0.000001
327	0	0.001326
327	408	0.000001
327	467	0.000001
327	545	0.000001
327	654	0.000001
327	817	0.000001
327	1090	0.000001
327	1635	0.000001
327	3270	0.000001
328	0	0.001303
328	410	0.000001
328	468	0.000001
328	546	0.000001
328	656	0.000001
328	820	0.000001
328	1093	0.000001
328	1640	0.000001
328	3280	0.000001
329	0	0.001311
329	411	0.000001
329	470	0.000002
329	548	0.000001
329	658	0.000001
329	822	0.000001
329	1096	0.000001
329	1645	0.000001
329	3290	0.000001
330	0	0.001298
330	412	0.000001
330	471	0.000001
330	550	0.000001
330	660	0.000001
330	825	0.000001
330	1100	0.000001
330	1650	0.000001
330	3300	0.000001
331	0	0.001467
331	413	0.000001
331	472	0.000001
331	551	0.000001
331	662	0.000001
331	827	0.000001
331	1103	0.000001
331	1655	0.000001
331	3310	0.000001
332	0	0.001428
332	415	0.000001
332	474	0.000001
332	553	0.000001
332	664	0.000001
332	830	0.000001
332	1106	0.000001
332	1660	0.000001
332	3320	0.000001
333	0	0.002729
333	416	0.000001
333	475	0.000001
333	555	0.000001
333	666	0.000001
333	832	0.000001
333	1110	0.000001
333	1665	0.000001
333	3330	0.000001
334	0	0.002037
334	417	0.000001
334	477	0.000001
334	556	0.000001
334	668	0.000001
334	835	0.000001
334	1113	0.000001
334	1670	0.000001
334	3340	0.000001
335	0	0.003384
335	418	0.000001
335	478	0.000001
335	558	0.000001
335	670	0.000001
335	837	0.000001
335	1116	0.000001
335	1675	0.000001
335	3350	0.000001
336	0	0.001518
336	420	0.000001
336	480	0.000001
336	560	0.000001
336	672	0.000001
336	840	0.000001
336	1120	0.000001
336	1680	0.000001
336	3360	0.000001
337	0	0.001960
337	421	0.000001
337	481	0.000001
337	561	0.000001
337	674	0.000001
337	842	0.000001
337	1123	0.000001
337	1685	0.000001
337	3370	0.000001
338	0	0.002670
338	422	0.000001
338	482	0.000001
338	563	0.000001
338	676	0.000001
338	845	0.000001
338	1126	0.000001
338	1690	0.000001
338	3380	0.000001
339	0	0.001364
339	423	0.000001
339	484	0.000001
339	565	0.000001
339	678	0.000001
339	847	0.000001
339	1130	0.000001
339	1695	0.000001
339	3390	0.000001
340	0	0.003354
340	425	0.000001
340	485	0.000001
340	566	0.000001
340	680	0.000001
340	850	0.000001
340	1133	0.000001
340	1700	0.000001
340	3400	0.000001
341	0	0.003248
341	426	0.000001
341	487	0.000001
341	568	0.000001
341	682	0.000001
341	852	0.000001
341	1136	0.000001
341	1705	0.000001
341	3410	0.000001
342	0	0.004050
342	427	0.000001
342	488	0.000001
342	570	0.000001
342	684	0.000001
342	855	0.000001
342	1140	0.000001
342	1710	0.000002
342	3420	0.000001
343	0	0.002997
343	428	0.000001
343	490	0.000001
343	571	0.000001
343	686	0.000001
343	857	0.000001
343	1143	0.000001
343	1715	0.000001
343	3430	0.000001
344	0	0.002017
344	430	0.000001
344	491	0.000001
344	573	0.000001
344	688	0.000001
344	860	0.000001
344	1146	0.000001
344	1720	0.000001
344	3440	0.000001
345	0	0.001620
345	431	0.000001
345	492	0.000001
345	575	0.000001
345	690	0.000001
345	862	0.000001
345	1150	0.000001
345	1725	0.000001
345	3450	0.000001
346	0	0.003736
346	432	0.000001
346	494	0.000001
346	576	0.000001
346	692	0.000001
346	865	0.000001
346	1153	0.000001
346	1730	0.000001
346	3460	0.000001
347	0	0.001439
347	433	0.000002
347	495	0.000001
347	578	0.000001
347	694	0.000001
347	867	0.000001
347	1156	0.000001
347	1735	0.000001
347	3470	0.000001
348	0	0.002780
348	435	0.000001
348	497	0.000002
348	580	0.000001
348	696	0.000001
348	870	0.000001
348	1160	0.000001
348	1740	0.000001
348	3480	0.000001
349	0	0.002772
349	436	0.000001
349	498	0.000001
349	581	0.000001
349	698	0.000001
349	872	0.000001
349	1163	0.000001
349	1745	0.000001
349	3490	0.000001
350	0	0.002788
350	437	0.000001
350	500	0.000001
350	583	0.000001
350	700	0.000001
350	875	0.000001
350	1166	0.000001
350	1750	0.000001
350	3500	0.000001
351	0	0.002830
351	438	0.000001
351	501	0.000001
351	585	0.000001
351	702	0.000001
351	877	0.000001
351	1170	0.000001
351	1755	0.000001
351	3510	0.000001
352	0	0.001460
352	440	0.000001
352	502	0.000001
352	586	0.000001
352	704	0.000001
352	880	0.000001
352	1173	0.000001
352	1760	0.000001
352	3520	0.000002
353	0	0.002866
353	441	0.000001
353	504	0.000001
353	588	0.000001
353	706	0.000001
353	882	0.000001
353	1176	0.000001
353	1765	0.000001
353	3530	0.000001
354	0	0.001474
354	442	0.000001
354	505	0.000001
354	590	0.000001
354	708	0.000001
354	885	0.000001
354	1180	0.000001
354	1770	0.000001
354	3540	0.000001
355	0	0.001464
355	443	0.000001
355	507	0.000001
355	591	0.000001
355	710	0.000001
355	887	0.000001
355	1183	0.000001
355	1775	0.000001
355	3550	0.000001
356	0	0.001483
356	445	0.000001
356	508	0.000001
356	593	0.000001
356	712	0.000001
356	890	0.000001
356	1186	0.000001
356	1780	0.000001
356	3560	0.000001
357	0	0.002933
357	446	0.000001
357	510	0.000001
357	595	0.000001
357	714	0.000001
357	892	0.000001
357	1190	0.000001
357	1785	0.000001
357	3570	0.000001
358	0	0.003465
358	447	0.000001
358	511	0.000001
358	596	0.000001
358	716	0.000001
358	895	0.000001
358	1193	0.000001
358	1790	0.000001
358	3580	0.000001
359	0	0.003065
359	448	0.000001
359	512	0.000001
359	598	0.000001
359	718	0.000001
359	897	0.000001
359	1196	0.000001
359	1795	0.000001
359	3590	0.000001
360	0	0.001782
360	450	0.000001
360	514	0.000001
360	600	0.000001
360	720	0.000001
360	900	0.000001
360	1200	0.000001
360	1800	0.000001
360	3600	0.000001
361	0	0.003300
361	451	0.000001
361	515	0.000001
361	601	0.000001
361	722	0.000001
361	902	0.000001
361	1203	0.000001
361	1805	0.000001
361	3610	0.000001
362	0	0.565016
362	452	0.000001
362	517	0.000001
362	603	0.000001
362	724	0.000001
362	905	0.000001
362	1206	0.000001
362	1810	0.000001
362	3620	0.000001
363	0	0.001583
363	453	0.000001
363	518	0.000001
363	605	0.000001
363	726	0.000001
363	907	0.000001
363	1210	0.000001
363	1815	0.000001
363	3630	0.000001
364	0	0.001580
364	455	0.000001
364	520	0.000001
364	606	0.000001
364	728	0.000001
364	910	0.000001
364	1213	0.000001
364	1820	0.000001
364	3640	0.000001
365	0	0.001621
365	456	0.000001
365	521	0.000001
365	608	0.000001
365	730	0.000001
365	912	0.000001
365	1216	0.000001
365	1825	0.000001
365	3650	0.000001
366	0	0.003158
366	457	0.000001
366	522	0.000001
366	610	0.000001
366	732	0.000001
366	915	0.000001
366	1220	0.000001
366	1830	0.000001
366	3660	0.000001
367	0	0.003122
367	458	0.000001
367	524	0.000001
367	611	0.000001
367	734	0.000001
367	917	0.000001
367	1223	0.000001
367	1835	0.000001
367	3670	0.000001
368	0	0.003574
368	460	0.000001
368	525	0.000001
368	613	0.000001
368	736	0.000001
368	920	0.000001
368	1226	0.000001
368	1840	0.000001
368	3680	0.000001
369	0	0.003250
369	461	0.000001
369	527	0.000001
369	615	0.000001
369	738	0.000001
369	922	0.000001
369	1230	0.000001
369	1845	0.000001
369	3690	0.000001
370	0	0.003131
370	462	0.000001
370	528	0.000001
370	616	0.000001
370	740	0.000001
370	925	0.000001
370	1233	0.000001
370	1850	0.000001
370	3700	0.000001
371	0	0.004474
371	463	0.000001
371	530	0.000001
371	618	0.000001
371	742	0.000001
371	927	0.000001
371	1236	0.000001
371	1855	0.000001
371	3710	0.000001
372	0	0.003188
372	465	0.000001
372	531	0.000001
372	620	0.000001
372	744	0.000001
372	930	0.000001
372	1240	0.000001
372	1860	0.000001
372	3720	0.000001
373	0	0.001660
373	466	0.000001
373	532	0.000001
373	621	0.000001
373	746	0.000001
373	932	0.000001
373	1243	0.000001
373	1865	0.000001
373	3730	0.000001
374	0	1.293390
374	467	0.000001
374	534	0.000001
374	623	0.000001
374	748	0.000001
374	935	0.000001
374	1246	0.000001
374	1870	0.000001
374	3740	0.000001
375	0	0.001663
375	468	0.000001
375	535	0.000001
375	625	0.000001
375	750	0.000001
375	937	0.000001
375	1250	0.000001
375	1875	0.000001
375	3750	0.000001
376	0	0.001690
376	470	0.000001
376	537	0.000001
376	626	0.000001
376	752	0.000001
376	940	0.000001
376	1253	0.000001
376	1880	0.000001
376	3760	0.000001
377	0	0.003147
377	471	0.000001
377	538	0.000001
377	628	0.000001
377	754	0.000001
377	942	0.000001
377	1256	0.000001
377	1885	0.000001
377	3770	0.000001
378	0	0.025835
378	472	0.000001
378	540	0.000001
378	630	0.000001
378	756	0.000001
378	945	0.000001
378	1260	0.000001
378	1890	0.000001
378	3780	0.000001
379	0	0.001653
379	473	0.000001
379	541	0.000001
379	631	0.000001
379	758	0.000001
379	947	0.000001
379	1263	0.000001
379	1895	0.000001
379	3790	0.000001
380	0	0.001975
380	475	0.000001
380	542	0.000001
380	633	0.000001
380	760	0.000001
380	950	0.000001
380	1266	0.000001
380	1900	0.000001
380	3800	0.000001
381	0	0.003314
381	476	0.000001
381	544	0.000001
381	635	0.000001
381	762	0.000001
381	952	0.000001
381	1270	0.000001
381	1905	0.000001
381	3810	0.000001
382	0	0.001792
382	477	0.000002
382	545	0.000001
382	636	0.000002
382	764	0.000001
382	955	0.000001
382	1273	0.000001
382	1910	0.000001
382	3820	0.000001
383	0	0.192065
383	478	0.000001
383	547	0.000001
383	638	0.000001
383	766	0.000001
383	957	0.000001
383	1276	0.000001
383	1915	0.000001
383	3830	0.000002
384	0	0.001750
384	480	0.000001
384	548	0.000001
384	640	0.000001
384	768	0.000001
384	960	0.000002
384	1280	0.000001
384	1920	0.000001
384	3840	0.000001
385	0	0.001706
385	481	0.000001
385	550	0.000001
385	641	0.000001
385	770	0.000001
385	962	0.000001
385	1283	0.000001
385	1925	0.000001
385	3850	0.000001
386	0	0.003473
386	482	0.000001
386	551	0.000001
386	643	0.000001
386	772	0.000001
386	965	0.000001
386	1286	0.000001
386	1930	0.000001
386	3860	0.000002
387	0	1.661097
387	483	0.000001
387	552	0.000001
387	645	0.000001
387	774	0.000001
387	967	0.000001
387	1290	0.000001
387	1935	0.000001
387	3870	0.000001
388	0	0.001761
388	485	0.000001
388	554	0.000001
388	646	0.000001
388	776	0.000001
388	970	0.000001
388	1293	0.000001
388	1940	0.000001
388	3880	0.000001
389	0	0.003434
389	486	0.000001
389	555	0.000001
389	648	0.000001
389	778	0.000001
389	972	0.000001
389	1296	0.000001
389	1945	0.000001
389	3890	0.000001
390	0	0.001944
390	487	0.000001
390	557	0.000001
390	650	0.000001
390	780	0.000001
390	975	0.000001
390	1300	0.000001
390	1950	0.000001
390	3900	0.000001
391	0	0.001915
391	488	0.000001
391	558	0.000001
391	651	0.000001
391	782	0.000001
391	977	0.000001
391	1303	0.000001
391	1955	0.000001
391	3910	0.000001
392	0	0.007009
392	490	0.000001
392	560	0.000001
392	653	0.000001
392	784	0.000001
392	980	0.000001
392	1306	0.216100
392	1960	0.093271
392	3920	0.000002
393	0	13.481909
393	491	0.323577
