X	Y	Z

3	10.000002	0.000703
3	20.000004	0.019165
3	30.000008	0.000287
3	40.000008	0.002824
4	10.000002	0.000706
4	20.000004	0.000660
4	30.000008	0.000442
4	40.000008	0.000659
4	50.000011	0.005855
4	60.000008	0.000682
5	10.000002	0.000490
5	20.000004	0.000751
5	30.000008	0.000447
5	40.000008	0.007649
5	50.000011	0.000696
5	60.000008	0.000714
5	70.000008	0.000455
6	10.000002	0.000707
6	20.000004	0.000408
6	30.000008	0.000632
6	40.000008	0.000396
6	50.000011	0.000640
6	60.000008	0.000399
6	70.000008	0.008744
7	10.000002	0.000721
7	20.000004	0.000643
7	30.000008	0.000399
7	40.000008	0.000704
7	50.000011	0.000460
7	60.000008	0.000663
7	70.000008	0.000393
7	80.000008	0.000647
8	10.000002	0.000439
8	20.000004	0.003819
8	30.000008	0.005666
8	40.000008	0.000670
8	50.000011	0.000394
8	60.000008	0.000687
8	70.000008	0.000474
8	80.000008	0.000637
9	10.000002	0.000430
9	20.000004	0.000672
9	30.000008	0.000417
9	40.000008	0.008555
9	50.000011	0.000715
9	60.000008	0.000644
9	70.000008	0.000423
9	80.000008	0.000648
10	10.000002	0.000439
10	20.000004	0.000644
10	30.000008	0.000652
10	40.000008	0.000659
10	50.000011	0.000413
10	60.000008	0.008499
10	70.000008	0.000753
10	80.000008	0.000660
11	10.000002	0.000460
11	20.000004	0.000637
11	30.000008	0.000417
11	40.000008	0.009274
11	50.000011	0.000924
11	60.000008	0.000657
11	70.000008	0.000889
11	80.000008	0.000676
12	10.000002	0.000978
12	20.000004	0.000736
12	30.000008	0.000860
12	40.000008	0.000761
12	50.000011	0.009826
12	60.000008	0.001269
12	70.000008	0.000993
12	80.000008	0.000669
12	90.000008	0.000470
13	10.000002	0.000718
13	20.000004	0.000432
13	30.000008	0.000652
13	40.000008	0.000443
13	50.000011	0.008486
13	60.000008	0.000752
13	70.000008	0.000688
13	80.000008	0.001312
13	90.000008	0.000717
14	10.000002	0.000452
14	20.000004	0.000652
14	30.000008	0.000445
14	40.000008	0.000656
14	50.000011	0.008685
14	60.000008	0.000782
14	70.000008	0.000456
14	80.000008	0.000677
14	90.000008	0.000482
15	10.000002	0.000733
15	20.000004	0.000424
15	30.000008	0.000685
15	40.000008	0.000436
15	50.000011	0.000677
15	60.000008	0.008627
15	70.000008	0.000684
15	80.000008	0.000490
15	90.000008	0.000743
16	10.000002	0.000646
16	20.000004	0.001656
16	30.000008	0.000465
16	40.000008	0.000784
16	50.000011	0.001194
16	60.000008	0.008729
16	70.000008	0.000818
16	80.000008	0.000692
16	90.000008	0.000807
17	10.000002	0.000826
17	20.000004	0.000428
17	30.000008	0.000670
17	40.000008	0.000603
17	50.000011	0.000690
17	60.000008	0.000650
17	70.000008	0.008192
17	80.000008	0.000806
17	90.000008	0.000720
18	10.000002	0.000711
18	20.000004	0.000701
18	30.000008	0.003511
18	40.000008	0.002856
18	50.000011	0.000664
18	60.000008	0.000463
18	70.000008	0.000681
18	80.000008	0.000485
18	90.000008	0.000710
19	10.000002	0.000473
19	20.000004	0.001459
19	30.000008	0.009930
19	40.000008	0.000844
19	50.000011	0.000486
19	60.000008	0.000664
19	70.000008	0.000477
19	80.000008	0.000695
19	90.000008	0.000485
20	10.000002	0.000685
20	20.000004	0.000484
20	30.000008	0.001279
20	40.000008	0.000744
20	50.000011	0.000736
20	60.000008	0.000496
20	70.000008	0.000683
20	80.000008	0.000483
20	90.000008	0.000727
21	10.000002	0.000505
21	20.000004	0.000650
21	30.000008	0.001973
21	40.000008	0.000660
21	50.000011	0.000489
21	60.000008	0.000661
21	70.000008	0.000468
21	80.000008	0.000677
21	90.000008	0.000542
22	10.000002	0.000765
22	20.000004	0.000458
22	30.000008	0.000667
22	40.000008	0.000588
22	50.000011	0.000666
22	60.000008	0.000499
22	70.000008	0.000677
22	80.000008	0.000491
22	90.000008	0.000557
23	10.000002	0.000545
23	20.000004	0.000732
23	30.000008	0.000502
23	40.000008	0.000649
23	50.000011	0.000764
23	60.000008	0.000664
23	70.000008	0.000486
23	80.000008	0.000751
23	90.000008	0.000587
24	10.000002	0.001483
24	20.000004	0.000461
24	30.000008	0.000665
24	40.000008	0.001913
24	50.000011	0.000671
24	60.000008	0.000483
24	70.000008	0.000693
24	80.000008	0.000792
24	90.000008	0.000774
25	10.000002	0.000505
25	20.000004	0.001494
25	30.000008	0.000469
25	40.000008	0.002088
25	50.000011	0.001521
25	60.000008	0.000716
25	70.000008	0.000478
25	80.000008	0.000778
25	90.000008	0.001241
26	10.000002	0.000750
26	20.000004	0.000520
26	30.000008	0.008823
26	40.000008	0.000904
26	50.000011	0.000695
26	60.000008	0.000525
26	70.000008	0.000700
26	80.000008	0.000507
26	90.000008	0.000798
27	10.000002	0.000508
27	20.000004	0.000738
27	30.000008	0.008435
27	40.000008	0.000891
27	50.000011	0.000478
27	60.000008	0.000688
27	70.000008	0.000519
27	80.000008	0.000799
27	90.000008	0.000585
28	10.000002	0.000729
28	20.000004	0.000569
28	30.000008	0.000702
28	40.000008	0.000878
28	50.000011	0.000758
28	60.000008	0.000697
28	70.000008	0.001576
28	80.000008	0.000554
28	90.000008	0.000817
29	10.000002	0.000516
29	20.000004	0.000729
29	30.000008	0.000973
29	40.000008	0.000739
29	50.000011	0.000507
29	60.000008	0.000727
29	70.000008	0.000400
29	80.000008	0.001352
29	90.000008	0.000629
30	10.000002	0.000754
30	20.000004	0.008852
30	30.000008	0.000850
30	40.000008	0.000482
30	50.000011	0.000716
30	60.000008	0.000524
30	70.000008	0.000751
30	80.000008	0.000545
30	90.000008	0.000601
31	10.000002	0.000625
31	20.000004	0.007208
31	30.000008	0.005909
31	40.000008	0.000585
31	50.000011	0.000911
31	60.000008	0.001754
31	70.000008	0.004025
31	80.000008	0.001870
31	90.000008	0.001365
32	10.000002	0.004027
32	20.000004	0.001437
32	30.000008	0.000933
32	40.000008	0.005587
32	50.000011	0.000346
32	60.000008	0.000372
32	70.000008	0.000364
32	80.000008	0.000390
32	90.000008	0.000477
33	10.000002	0.002083
33	20.000004	0.000391
33	30.000008	0.000387
33	40.000008	0.000370
33	50.000011	0.000288
33	60.000008	0.000400
33	70.000008	0.000359
33	80.000008	0.000441
33	90.000008	0.000522
34	10.000002	0.000363
34	20.000004	0.000282
34	30.000008	0.000380
34	40.000008	0.000354
34	50.000011	0.000356
34	60.000008	0.000316
34	70.000008	0.000405
34	80.000008	0.000402
34	90.000008	0.000615
35	10.000002	0.000388
35	20.000004	0.000321
35	30.000008	0.000347
35	40.000008	0.000330
35	50.000011	0.000389
35	60.000008	0.000404
35	70.000008	0.000372
35	80.000008	0.000428
35	90.000008	0.000570
36	10.000002	0.000430
36	20.000004	0.000352
36	30.000008	0.000395
36	40.000008	0.000391
36	50.000011	0.000358
36	60.000008	0.000453
36	70.000008	0.000380
36	80.000008	0.000486
36	90.000008	0.000658
37	10.000002	0.000474
37	20.000004	0.000438
37	30.000008	0.000724
37	40.000008	0.000431
37	50.000011	0.000479
37	60.000008	0.000478
37	70.000008	0.000444
37	80.000008	0.000480
37	90.000008	0.000648
38	10.000002	0.000502
38	20.000004	0.000425
38	30.000008	0.002600
38	40.000008	0.000469
38	50.000011	0.000518
38	60.000008	0.000430
38	70.000008	0.000574
38	80.000008	0.000542
38	90.000008	0.000718
39	10.000002	0.000559
39	20.000004	0.000533
39	30.000008	0.001101
39	40.000008	0.000507
39	50.000011	0.000884
39	60.000008	0.000610
39	70.000008	0.001157
39	80.000008	0.001889
39	90.000008	0.004629
40	10.000002	0.001526
40	20.000004	0.001305
40	30.000008	0.000659
40	40.000008	0.004398
40	50.000011	0.002116
40	60.000008	0.001051
40	70.000008	0.000795
40	80.000008	0.000839
40	90.000008	0.001342
41	10.000002	0.000925
41	20.000004	0.009348
41	30.000008	0.000876
41	40.000008	0.000823
41	50.000011	0.001027
41	60.000008	0.000917
41	70.000008	0.001092
41	80.000008	0.001350
41	90.000008	0.001792
42	10.000002	0.018550
42	20.000004	0.001211
42	30.000008	0.000956
42	40.000008	0.000899
42	50.000011	0.001626
42	60.000008	0.003420
42	70.000008	0.001032
42	80.000008	0.001329
42	90.000008	0.001190
43	10.000002	0.002045
43	20.000004	0.001561
43	30.000008	0.001290
43	40.000008	0.009940
43	50.000011	0.001500
43	60.000008	0.001060
43	70.000008	0.001437
43	80.000008	0.001190
43	90.000008	0.002076
44	10.000002	0.001143
44	20.000004	0.002119
44	30.000008	0.009288
44	40.000008	0.001485
44	50.000011	0.001053
44	60.000008	0.001498
44	70.000008	0.001606
44	80.000008	0.001370
44	90.000008	0.001245
45	10.000002	0.001365
45	20.000004	0.013236
45	30.000008	0.001385
45	40.000008	0.001060
45	50.000011	0.001932
45	60.000008	0.001217
45	70.000008	0.001388
45	80.000008	0.001201
45	90.000008	0.010329
46	10.000002	0.001128
46	20.000004	0.001425
46	30.000008	0.001162
46	40.000008	0.001540
46	50.000011	0.001140
46	60.000008	0.001474
46	70.000008	0.001365
46	80.000008	0.009619
46	90.000008	0.002213
47	10.000002	0.001510
47	20.000004	0.001085
47	30.000008	0.002248
47	40.000008	0.001047
47	50.000011	0.001371
47	60.000008	0.001046
47	70.000008	0.008708
47	80.000008	0.001139
47	90.000008	0.001133
48	10.000002	0.001086
48	20.000004	0.002011
48	30.000008	0.001921
48	40.000008	0.001268
48	50.000011	0.001078
48	60.000008	0.009278
48	70.000008	0.001140
48	80.000008	0.001454
48	90.000008	0.001318
49	10.000002	0.001392
49	20.000004	0.001059
49	30.000008	0.001357
49	40.000008	0.001055
49	50.000011	0.001505
49	60.000008	0.008623
49	70.000008	0.001590
49	80.000008	0.001126
49	90.000008	0.001657
50	10.000002	0.001126
50	20.000004	0.001400
50	30.000008	0.001099
50	40.000008	0.002173
50	50.000011	0.009101
50	60.000008	0.001399
50	70.000008	0.001177
50	80.000008	0.001498
50	90.000008	0.001342
51	10.000002	0.001353
51	20.000004	0.001027
51	30.000008	0.001431
51	40.000008	0.001745
51	50.000011	0.002124
51	60.000008	0.001173
51	70.000008	0.001490
51	80.000008	0.001195
51	90.000008	0.001746
52	10.000002	0.001142
52	20.000004	0.001406
52	30.000008	0.000963
52	40.000008	0.008688
52	50.000011	0.000999
52	60.000008	0.001001
52	70.000008	0.001033
52	80.000008	0.001266
52	90.000008	0.001054
53	10.000002	0.001095
53	20.000004	0.000620
53	30.000008	0.000996
53	40.000008	0.007486
53	50.000011	0.000864
53	60.000008	0.001235
53	70.000008	0.000871
53	80.000008	0.001342
53	90.000008	0.000921
54	10.000002	0.001342
54	20.000004	0.002371
54	30.000008	0.004244
54	40.000008	0.007717
54	50.000011	0.001257
54	60.000008	0.001074
54	70.000008	0.001995
54	80.000008	0.001089
54	90.000008	0.001429
55	10.000002	0.008446
55	20.000004	0.001291
55	30.000008	0.000577
55	40.000008	0.000609
55	50.000011	0.000597
55	60.000008	0.000699
55	70.000008	0.001158
55	80.000008	0.000766
55	90.000008	0.000829
56	10.000002	0.000654
56	20.000004	0.000548
56	30.000008	0.000574
56	40.000008	0.000554
56	50.000011	0.000561
56	60.000008	0.000639
56	70.000008	0.000684
56	80.000008	0.000686
56	90.000008	0.000860
57	10.000002	0.000765
57	20.000004	0.000602
57	30.000008	0.000573
57	40.000008	0.000869
57	50.000011	0.000646
57	60.000008	0.000639
57	70.000008	0.000645
57	80.000008	0.000746
57	90.000008	0.001619
58	10.000002	0.000731
58	20.000004	0.001378
58	30.000008	0.000607
58	40.000008	0.000698
58	50.000011	0.001282
58	60.000008	0.000639
58	70.000008	0.000653
58	80.000008	0.000867
58	90.000008	0.000970
59	10.000002	0.000684
59	20.000004	0.000662
59	30.000008	0.000989
59	40.000008	0.000654
59	50.000011	0.000674
59	60.000008	0.000728
59	70.000008	0.000731
59	80.000008	0.000763
59	90.000008	0.000911
60	10.000002	0.001220
60	20.000004	0.000657
60	30.000008	0.000718
60	40.000008	0.000608
60	50.000011	0.000695
60	60.000008	0.000692
60	70.000008	0.000797
60	80.000008	0.001186
60	90.000008	0.000962
61	10.000002	0.000765
61	20.000004	0.000699
61	30.000008	0.000727
61	40.000008	0.000660
61	50.000011	0.000673
61	60.000008	0.000734
61	70.000008	0.000750
61	80.000008	0.000880
61	90.000008	0.001069
62	10.000002	0.000818
62	20.000004	0.000831
62	30.000008	0.000790
62	40.000008	0.001251
62	50.000011	0.000767
62	60.000008	0.000743
62	70.000008	0.000910
62	80.000008	0.000851
62	90.000008	0.001337
63	10.000002	0.002093
63	20.000004	0.001924
63	30.000008	0.000777
63	40.000008	0.000840
63	50.000011	0.000730
63	60.000008	0.000787
63	70.000008	0.000823
63	80.000008	0.001513
63	90.000008	0.001568
64	10.000002	0.000945
64	20.000004	0.000689
64	30.000008	0.000724
64	40.000008	0.000797
64	50.000011	0.000741
64	60.000008	0.000903
64	70.000008	0.000752
64	80.000008	0.001294
64	90.000008	0.001597
65	10.000002	0.001019
65	20.000004	0.000786
65	30.000008	0.003139
65	40.000008	0.000862
65	50.000011	0.000888
65	60.000008	0.000801
65	70.000008	0.000971
65	80.000008	0.001306
65	90.000008	0.001111
66	10.000002	0.001106
66	20.000004	0.000871
66	30.000008	0.000766
66	40.000008	0.000852
66	50.000011	0.000724
66	60.000008	0.000752
66	70.000008	0.001414
66	80.000008	0.001104
66	90.000008	0.001253
67	10.000002	0.000888
67	20.000004	0.000935
67	30.000008	0.001774
67	40.000008	0.000736
67	50.000011	0.001312
67	60.000008	0.000849
67	70.000008	0.001059
67	80.000008	0.000926
67	90.000008	0.001147
68	10.000002	0.000998
68	20.000004	0.000739
68	30.000008	0.000741
68	40.000008	0.000809
68	50.000011	0.000815
68	60.000008	0.000762
68	70.000008	0.000790
68	80.000008	0.000913
68	90.000008	0.001205
69	10.000002	0.000762
69	20.000004	0.000868
69	30.000008	0.000777
69	40.000008	0.000823
69	50.000011	0.000865
69	60.000008	0.001481
69	70.000008	0.001036
69	80.000008	0.001120
69	90.000008	0.001294
70	10.000002	0.000989
70	20.000004	0.000881
70	30.000008	0.000925
70	40.000008	0.001022
70	50.000011	0.000925
70	60.000008	0.000930
70	70.000008	0.000938
70	80.000008	0.001061
70	90.000008	0.001194
71	10.000002	0.000815
71	20.000004	0.000860
71	30.000008	0.001360
71	40.000008	0.001000
71	50.000011	0.000953
71	60.000008	0.000854
71	70.000008	0.000918
71	80.000008	0.000967
71	90.000008	0.001192
72	10.000002	0.000946
72	20.000004	0.000910
72	30.000008	0.000866
72	40.000008	0.000920
72	50.000011	0.000951
72	60.000008	0.000961
72	70.000008	0.001064
72	80.000008	0.001370
72	90.000008	0.001300
73	10.000002	0.000920
73	20.000004	0.000880
73	30.000008	0.000870
73	40.000008	0.000860
73	50.000011	0.000859
73	60.000008	0.000833
73	70.000008	0.000965
73	80.000008	0.001203
73	90.000008	0.001257
74	10.000002	0.001020
74	20.000004	0.000893
74	30.000008	0.000842
74	40.000008	0.000895
74	50.000011	0.000878
74	60.000008	0.000896
74	70.000008	0.001021
74	80.000008	0.001567
74	90.000008	0.001778
75	10.000002	0.000844
75	20.000004	0.000906
75	30.000008	0.001395
75	40.000008	0.000891
75	50.000011	0.000907
75	60.000008	0.001422
75	70.000008	0.001070
75	80.000008	0.001123
75	90.000008	0.001405
76	10.000002	0.001095
76	20.000004	0.000996
76	30.000008	0.001027
76	40.000008	0.000967
76	50.000011	0.000973
76	60.000008	0.001595
76	70.000008	0.001032
76	80.000008	0.001107
76	90.000008	0.001349
77	10.000002	0.001117
77	20.000004	0.000852
77	30.000008	0.000931
77	40.000008	0.000893
77	50.000011	0.001072
77	60.000008	0.001151
77	70.000008	0.001334
77	80.000008	0.001275
77	90.000008	0.001407
78	10.000002	0.001016
78	20.000004	0.000893
78	30.000008	0.000969
78	40.000008	0.001486
78	50.000011	0.001010
78	60.000008	0.001009
78	70.000008	0.001048
78	80.000008	0.000994
78	90.000008	0.001355
79	10.000002	0.001129
79	20.000004	0.000974
79	30.000008	0.001437
79	40.000008	0.000932
79	50.000011	0.001633
79	60.000008	0.001006
79	70.000008	0.001087
79	80.000008	0.001189
79	90.000008	0.001504
80	10.000002	0.001135
80	20.000004	0.000943
80	30.000008	0.001589
80	40.000008	0.001008
80	50.000011	0.001038
80	60.000008	0.001073
80	70.000008	0.001078
80	80.000008	0.001205
80	90.000008	0.001378
81	10.000002	0.001201
81	20.000004	0.000998
81	30.000008	0.001626
81	40.000008	0.000977
81	50.000011	0.001011
81	60.000008	0.000972
81	70.000008	0.001092
81	80.000008	0.001089
81	90.000008	0.002019
82	10.000002	0.001165
82	20.000004	0.001025
82	30.000008	0.001166
82	40.000008	0.001639
82	50.000011	0.003900
82	60.000008	0.001130
82	70.000008	0.001129
82	80.000008	0.001202
82	90.000008	0.001447
83	10.000002	0.001241
83	20.000004	0.001000
83	30.000008	0.001661
83	40.000008	0.001116
83	50.000011	0.001189
83	60.000008	0.001149
83	70.000008	0.001174
83	80.000008	0.001820
83	90.000008	0.001582
84	10.000002	0.001231
84	20.000004	0.001021
84	30.000008	0.000989
84	40.000008	0.001082
84	50.000011	0.001717
84	60.000008	0.001101
84	70.000008	0.001101
84	80.000008	0.001270
84	90.000008	0.001494
85	10.000002	0.001266
85	20.000004	0.001251
85	30.000008	0.001281
85	40.000008	0.001341
85	50.000011	0.001455
85	60.000008	0.001339
85	70.000008	0.001489
85	80.000008	0.001263
85	90.000008	0.001606
86	10.000002	0.001209
86	20.000004	0.001089
86	30.000008	0.001058
86	40.000008	0.001773
86	50.000011	0.001081
86	60.000008	0.001155
86	70.000008	0.001264
86	80.000008	0.001330
86	90.000008	0.001596
87	10.000002	0.001158
87	20.000004	0.001045
87	30.000008	0.001739
87	40.000008	0.001210
87	50.000011	0.001188
87	60.000008	0.001228
87	70.000008	0.001257
87	80.000008	0.001336
87	90.000008	0.001649
88	10.000002	0.001311
88	20.000004	0.001115
88	30.000008	0.001247
88	40.000008	0.001641
88	50.000011	0.001173
88	60.000008	0.001174
88	70.000008	0.001267
88	80.000008	0.001301
88	90.000008	0.002125
89	10.000002	0.001255
89	20.000004	0.001068
89	30.000008	0.001150
89	40.000008	0.001708
89	50.000011	0.001051
89	60.000008	0.001113
89	70.000008	0.001212
89	80.000008	0.001358
89	90.000008	0.002532
90	10.000002	0.001211
90	20.000004	0.001166
90	30.000008	0.001176
90	40.000008	0.001519
90	50.000011	0.001753
90	60.000008	0.005643
90	70.000008	0.004023
90	80.000008	0.001736
90	90.000008	0.002397
91	10.000002	0.001394
91	20.000004	0.001695
91	30.000008	0.001287
91	40.000008	0.001756
91	50.000011	0.003793
91	60.000008	0.001352
91	70.000008	0.000553
91	80.000008	0.002142
91	90.000008	0.008567
92	10.000002	0.005071
92	20.000004	0.001432
92	30.000008	0.006786
92	40.000008	0.000742
92	50.000011	0.000743
92	60.000008	0.000622
92	70.000008	0.000584
92	80.000008	0.006828
92	90.000008	0.001081
93	10.000002	0.001844
93	20.000004	0.000733
93	30.000008	0.000749
93	40.000008	0.000803
93	50.000011	0.001029
93	60.000008	0.008415
93	70.000008	0.001312
93	80.000008	0.001248
93	90.000008	0.001389
94	10.000002	0.001105
94	20.000004	0.001286
94	30.000008	0.000964
94	40.000008	0.007615
94	50.000011	0.001795
94	60.000008	0.001534
94	70.000008	0.006846
94	80.000008	0.001146
94	90.000008	0.001788
95	10.000002	0.004892
95	20.000004	0.003301
95	30.000008	0.003902
95	40.000008	0.002077
95	50.000011	0.002612
95	60.000008	0.001551
95	70.000008	0.008088
95	80.000008	0.001650
95	90.000008	0.001368
96	10.000002	0.001568
96	20.000004	0.001096
96	30.000008	0.001027
96	40.000008	0.001066
96	50.000011	0.005965
96	60.000008	0.001471
96	70.000008	0.001055
96	80.000008	0.001187
96	90.000008	0.001392
97	10.000002	0.002340
97	20.000004	0.001035
97	30.000008	0.004319
97	40.000008	0.001551
97	50.000011	0.001060
97	60.000008	0.001008
97	70.000008	0.001137
97	80.000008	0.000964
97	90.000008	0.001210
98	10.000002	0.002934
98	20.000004	0.001198
98	30.000008	0.001497
98	40.000008	0.001297
98	50.000011	0.001340
98	60.000008	0.001331
98	70.000008	0.001350
98	80.000008	0.003355
98	90.000008	0.001653
99	10.000002	0.002347
99	20.000004	0.001170
99	30.000008	0.001454
99	40.000008	0.001278
99	50.000011	0.001345
99	60.000008	0.003244
99	70.000008	0.001367
99	80.000008	0.001468
99	90.000008	0.001185
100	10.000002	0.000962
100	20.000004	0.001696
100	30.000008	0.000997
100	40.000008	0.000871
100	50.000011	0.001502
100	60.000008	0.000894
100	70.000008	0.000964
100	80.000008	0.008012
100	90.000008	0.001274
101	10.000002	0.000919
101	20.000004	0.000910
101	30.000008	0.000876
101	40.000008	0.000835
101	50.000011	0.000880
101	60.000008	0.000886
101	70.000008	0.002972
101	80.000008	0.001006
101	90.000008	0.001190
102	10.000002	0.000963
102	20.000004	0.000856
102	30.000008	0.000895
102	40.000008	0.000916
102	50.000011	0.003124
102	60.000008	0.000919
102	70.000008	0.000936
102	80.000008	0.000994
102	90.000008	0.001271
103	10.000002	0.001693
103	20.000004	0.000893
103	30.000008	0.002965
103	40.000008	0.000885
103	50.000011	0.000879
103	60.000008	0.000937
103	70.000008	0.000983
103	80.000008	0.001038
103	90.000008	0.006490
104	10.000002	0.001592
104	20.000004	0.001235
104	30.000008	0.001327
104	40.000008	0.001436
104	50.000011	0.001383
104	60.000008	0.001409
104	70.000008	0.008567
104	80.000008	0.001581
104	90.000008	0.001748
105	10.000002	0.001711
105	20.000004	0.001390
105	30.000008	0.001990
105	40.000008	0.001947
105	50.000011	0.001548
105	60.000008	0.002353
105	70.000008	0.002028
105	80.000008	0.001124
105	90.000008	0.000841
106	10.000002	0.001855
106	20.000004	0.000774
106	30.000008	0.000849
106	40.000008	0.000635
106	50.000011	0.000666
106	60.000008	0.000650
106	70.000008	0.000669
106	80.000008	0.006919
106	90.000008	0.000836
107	10.000002	0.001175
107	20.000004	0.000669
107	30.000008	0.000665
107	40.000008	0.000650
107	50.000011	0.000664
107	60.000008	0.001248
107	70.000008	0.000794
107	80.000008	0.000719
107	90.000008	0.000828
108	10.000002	0.001140
108	20.000004	0.000669
108	30.000008	0.006943
108	40.000008	0.001140
108	50.000011	0.000662
108	60.000008	0.000691
108	70.000008	0.000688
108	80.000008	0.000723
108	90.000008	0.007264
109	10.000002	0.001147
109	20.000004	0.000674
109	30.000008	0.000702
109	40.000008	0.000687
109	50.000011	0.000699
109	60.000008	0.000681
109	70.000008	0.001257
109	80.000008	0.000744
109	90.000008	0.001483
110	10.000002	0.001187
110	20.000004	0.000707
110	30.000008	0.013121
110	40.000008	0.001227
110	50.000011	0.001087
110	60.000008	0.000696
110	70.000008	0.000928
110	80.000008	0.006629
110	90.000008	0.000959
111	10.000002	0.001881
111	20.000004	0.000764
111	30.000008	0.000750
111	40.000008	0.006274
111	50.000011	0.000763
111	60.000008	0.000784
111	70.000008	0.000771
111	80.000008	0.000770
111	90.000008	0.000870
112	10.000002	0.007113
112	20.000004	0.000795
112	30.000008	0.000750
112	40.000008	0.000724
112	50.000011	0.000694
112	60.000008	0.000720
112	70.000008	0.000734
112	80.000008	0.001108
112	90.000008	0.000944
113	10.000002	0.001259
113	20.000004	0.000696
113	30.000008	0.000723
113	40.000008	0.000702
113	50.000011	0.001066
113	60.000008	0.000780
113	70.000008	0.000832
113	80.000008	0.000770
113	90.000008	0.000901
114	10.000002	0.002021
114	20.000004	0.001785
114	30.000008	0.000769
114	40.000008	0.000772
114	50.000011	0.000736
114	60.000008	0.000752
114	70.000008	0.005206
114	80.000008	0.001318
114	90.000008	0.000925
115	10.000002	0.001284
115	20.000004	0.000758
115	30.000008	0.006456
115	40.000008	0.000780
115	50.000011	0.000793
115	60.000008	0.000742
115	70.000008	0.000778
115	80.000008	0.000818
115	90.000008	0.001326
116	10.000002	0.001377
116	20.000004	0.000797
116	30.000008	0.001462
116	40.000008	0.001239
116	50.000011	0.000743
116	60.000008	0.001836
116	70.000008	0.000796
116	80.000008	0.000808
116	90.000008	0.000923
117	10.000002	0.001409
117	20.000004	0.001034
117	30.000008	0.007987
117	40.000008	0.000773
117	50.000011	0.000756
117	60.000008	0.000772
117	70.000008	0.001402
117	80.000008	0.000816
117	90.000008	0.001493
118	10.000002	0.001319
118	20.000004	0.001506
118	30.000008	0.000778
118	40.000008	0.001335
118	50.000011	0.007903
118	60.000008	0.000776
118	70.000008	0.000790
118	80.000008	0.007880
118	90.000008	0.007208
119	10.000002	0.002164
119	20.000004	0.000760
119	30.000008	0.000761
119	40.000008	0.000778
119	50.000011	0.009960
119	60.000008	0.000797
119	70.000008	0.001450
119	80.000008	0.000833
119	90.000008	0.000979
120	10.000002	0.001377
120	20.000004	0.007044
120	30.000008	0.005236
120	40.000008	0.001622
120	50.000011	0.001022
120	60.000008	0.001679
120	70.000008	0.011353
120	80.000008	0.002541
120	90.000008	0.001796
121	10.000002	0.002549
121	20.000004	0.002321
121	30.000008	0.002358
121	40.000008	0.009967
121	50.000011	0.002323
121	60.000008	0.001813
121	70.000008	0.002841
121	80.000008	0.001400
121	90.000008	0.011014
122	10.000002	0.001643
122	20.000004	0.002360
122	30.000008	0.001759
122	40.000008	0.003754
122	50.000011	0.001450
122	60.000008	0.011773
122	70.000008	0.001611
122	80.000008	0.019718
122	90.000008	0.002750
123	10.000002	0.009092
123	20.000004	0.002262
123	30.000008	0.002469
123	40.000008	0.011335
123	50.000011	0.002802
123	60.000008	0.002590
123	70.000008	0.002292
123	80.000008	0.001652
123	90.000008	0.002225
124	10.000002	0.009790
124	20.000004	0.001873
124	30.000008	0.002398
124	40.000008	0.001369
124	50.000011	0.001143
124	60.000008	0.001108
124	70.000008	0.001168
124	80.000008	0.001457
124	90.000008	0.001329
125	10.000002	0.001948
125	20.000004	0.000871
125	30.000008	0.000856
125	40.000008	0.000830
125	50.000011	0.007543
125	60.000008	0.000879
125	70.000008	0.000886
125	80.000008	0.000918
125	90.000008	0.001158
126	10.000002	0.001498
126	20.000004	0.001073
126	30.000008	0.001132
126	40.000008	0.000845
126	50.000011	0.000846
126	60.000008	0.001113
126	70.000008	0.001175
126	80.000008	0.014719
126	90.000008	0.001720
127	10.000002	0.002067
127	20.000004	0.001451
127	30.000008	0.008326
127	40.000008	0.001815
127	50.000011	0.002019
127	60.000008	0.001476
127	70.000008	0.002159
127	80.000008	0.001657
127	90.000008	0.009539
128	10.000002	0.002034
128	20.000004	0.002514
128	30.000008	0.001791
128	40.000008	0.002157
128	50.000011	0.008925
128	60.000008	0.002019
128	70.000008	0.001590
128	80.000008	0.001793
128	90.000008	0.002494
129	10.000002	0.002803
129	20.000004	0.009400
129	30.000008	0.002685
129	40.000008	0.001949
129	50.000011	0.003297
129	60.000008	0.002055
129	70.000008	0.011120
129	80.000008	0.002061
129	90.000008	0.003069
130	10.000002	0.002209
130	20.000004	0.003919
130	30.000008	0.001904
130	40.000008	0.010401
130	50.000011	0.001971
130	60.000008	0.003169
130	70.000008	0.002057
130	80.000008	0.003181
130	90.000008	0.002234
131	10.000002	0.003935
131	20.000004	0.002151
131	30.000008	0.002066
131	40.000008	0.000899
131	50.000011	0.009812
131	60.000008	0.001524
131	70.000008	0.000950
131	80.000008	0.000982
131	90.000008	0.001117
132	10.000002	0.001648
132	20.000004	0.009156
132	30.000008	0.000896
132	40.000008	0.001224
132	50.000011	0.000922
132	60.000008	0.000940
132	70.000008	0.000956
132	80.000008	0.007249
132	90.000008	0.001829
133	10.000002	0.002535
133	20.000004	0.002599
133	30.000008	0.001613
133	40.000008	0.002108
133	50.000011	0.008657
133	60.000008	0.002764
133	70.000008	0.002577
133	80.000008	0.002903
133	90.000008	0.002273
134	10.000002	0.002840
134	20.000004	0.009641
134	30.000008	0.001745
134	40.000008	0.002107
134	50.000011	0.002127
134	60.000008	0.001773
134	70.000008	0.002159
134	80.000008	0.009535
134	90.000008	0.002577
135	10.000002	0.001801
135	20.000004	0.002738
135	30.000008	0.002128
135	40.000008	0.003628
135	50.000011	0.002098
135	60.000008	0.002582
135	70.000008	0.002149
135	80.000008	0.002052
135	90.000008	0.002776
136	10.000002	0.008626
136	20.000004	0.002792
136	30.000008	0.002559
136	40.000008	0.002076
136	50.000011	0.002736
136	60.000008	0.002231
136	70.000008	0.009143
136	80.000008	0.002929
136	90.000008	0.002330
137	10.000002	0.002195
137	20.000004	0.002721
137	30.000008	0.010459
137	40.000008	0.002753
137	50.000011	0.002077
137	60.000008	0.003545
137	70.000008	0.002166
137	80.000008	0.002869
137	90.000008	0.009968
138	10.000002	0.003037
138	20.000004	0.002562
138	30.000008	0.002240
138	40.000008	0.002075
138	50.000011	0.002736
138	60.000008	0.009024
138	70.000008	0.002839
138	80.000008	0.002271
138	90.000008	0.003544
139	10.000002	0.002450
139	20.000004	0.010763
139	30.000008	0.002196
139	40.000008	0.001904
139	50.000011	0.009468
139	60.000008	0.002265
139	70.000008	0.010210
139	80.000008	0.001409
139	90.000008	0.001555
140	10.000002	0.002152
140	20.000004	0.002151
140	30.000008	0.007684
140	40.000008	0.001129
140	50.000011	0.001031
140	60.000008	0.001042
140	70.000008	0.001053
140	80.000008	0.001113
140	90.000008	0.007434
141	10.000002	0.001926
141	20.000004	0.001154
141	30.000008	0.001022
141	40.000008	0.001025
141	50.000011	0.001026
141	60.000008	0.006813
141	70.000008	0.001201
141	80.000008	0.001311
141	90.000008	0.001302
142	10.000002	0.001923
142	20.000004	0.001504
142	30.000008	0.001137
142	40.000008	0.001194
142	50.000011	0.001122
142	60.000008	0.001061
142	70.000008	0.001072
142	80.000008	0.001714
142	90.000008	0.001420
143	10.000002	0.002651
143	20.000004	0.001047
143	30.000008	0.001714
143	40.000008	0.001591
143	50.000011	0.007035
143	60.000008	0.002394
143	70.000008	0.001866
143	80.000008	0.003176
143	90.000008	0.008268
144	10.000002	0.002735
144	20.000004	0.002356
144	30.000008	0.002180
144	40.000008	0.002021
144	50.000011	0.007034
144	60.000008	0.001971
144	70.000008	0.002621
144	80.000008	0.001989
144	90.000008	0.002850
145	10.000002	0.007803
145	20.000004	0.003082
145	30.000008	0.002004
145	40.000008	0.002379
145	50.000011	0.001845
145	60.000008	0.009843
145	70.000008	0.001762
145	80.000008	0.001949
145	90.000008	0.001697
146	10.000002	0.001965
146	20.000004	0.007879
146	30.000008	0.001182
146	40.000008	0.001215
146	50.000011	0.001549
146	60.000008	0.001235
146	70.000008	0.001143
146	80.000008	0.001482
146	90.000008	0.001324
147	10.000002	0.002011
147	20.000004	0.002115
147	30.000008	0.001129
147	40.000008	0.014134
147	50.000011	0.001130
147	60.000008	0.001124
147	70.000008	0.001364
147	80.000008	0.008373
147	90.000008	0.001371
148	10.000002	0.002042
148	20.000004	0.001126
148	30.000008	0.001110
148	40.000008	0.001739
148	50.000011	0.001359
148	60.000008	0.001161
148	70.000008	0.001183
148	80.000008	0.001234
148	90.000008	0.001451
149	10.000002	0.009259
149	20.000004	0.002150
149	30.000008	0.001112
149	40.000008	0.001126
149	50.000011	0.001191
149	60.000008	0.009157
149	70.000008	0.001205
149	80.000008	0.001897
149	90.000008	0.001431
